312 7 1 287 2 0.00641 correct
312 7 1 287 2 0.00641 correct
312 7 1 287 2 0.00641 correct
312 7 1 287 2 0.00641 correct
312 7 1 287 2 0.00641 correct
312 7 1 287 2 0.00641 correct
312 7 1 287 2 0.00641 correct
312 7 1 287 2 0.00641 correct
312 7 1 287 2 0.00641 correct
312 7 1 287 2 0.00641 correct
312 7 1 287 2 0.00641 correct
311 7 1 287 2 0.00643 correct
309 7 1 287 2 0.00647 correct
309 7 1 287 2 0.00647 correct
309 7 1 287 2 0.00647 correct
309 7 1 287 2 0.00647 correct
311 7 1 287 2 0.00643 correct
309 7 1 287 2 0.00647 correct
311 7 1 287 2 0.00643 correct
311 7 1 287 2 0.00643 correct
311 7 1 287 2 0.00643 correct
