306 26 0 53 0 0
325 5 0 14 0 0
306 0 0 0 0 0
306 11 0 53 0 0
306 6 0 18 0 0
306 5 0 67 0 0
306 5 0 967 0 0
306 19 2 474 26 0.08497
306 7 0 7 0 0
306 7 1 287 2 0.00654
306 8 135 446 168 0.54902
329 10 0 1022 0 0
306 17 0 1890 0 0
306 2 0 2 0 0
306 9 0 143 0 0
307 8 6 306 7 0.0228
306 2 0 2 0 0
306 2 0 2 0 0
306 8 0 23 0 0
306 2 2 4 3 0.0098
306 5 0 177 0 0
306 2 0 2 0 0
306 7 0 69 0 0
306 2 0 2 0 0
306 6 0 8 0 0
306 6 2 8 3 0.0098
306 13 0 110 0 0
306 7 0 11 0 0
331 17 0 41 0 0
331 19 0 45 0 0
331 26 0 121 0 0
331 26 0 499 0 0
331 26 0 186 0 0
331 21 0 55 0 0
331 19 0 49 0 0
331 19 0 43 0 0
331 26 0 465 0 0
331 26 0 2456 0 0
331 19 0 43 0 0
331 22 0 69 0 0
331 26 0 276 0 0
331 26 0 201 0 0
331 24 0 255 0 0
331 19 0 43 0 0
331 24 0 109 0 0
331 26 0 325 0 0
331 19 0 49 0 0
331 26 0 319 0 0
331 19 0 43 0 0
331 28 0 2793 0 0
331 26 0 189 0 0
331 26 0 408 0 0
331 21 0 48 0 0
331 19 0 43 0 0
331 19 0 45 0 0
331 17 0 41 0 0
307 7 1 21 2 0.00651
306 10 0 27 0 0
306 0 11 0 19 0.06209
306 7 0 24 0 0
332 7 0 13 0 0
306 5 0 5 0 0
306 4 0 8 0 0
329 5 0 5 0 0
306 1 14 14 14 0.04575
306 10 0 20 0 0
308 10 0 16 0 0
330 10 0 16 0 0
308 10 0 16 0 0
306 2 0 2 0 0
306 5 0 5 0 0
306 14 3 331 70 0.22876
306 5 2 22 2 0.00654
331 10 2 22 2 0.00604
331 12 2 72 2 0.00604
306 6 0 14 0 0
306 6 0 164 0 0
306 2 0 2 0 0
306 9 3 43 6 0.01961
