357 26 0 53 0 0
431 5 0 14 0 0
367 0 0 0 0 0
352 11 0 53 0 0
337 6 0 18 0 0
352 5 0 67 0 0
352 5 0 967 0 0
357 19 2 474 26 0.07283
367 7 0 7 0 0
357 7 1 287 2 0.0056
357 8 135 446 168 0.47059
380 10 0 1022 0 0
372 17 0 1890 0 0
352 2 0 2 0 0
352 9 0 143 0 0
348 8 6 306 7 0.02011
357 2 0 2 0 0
352 2 0 2 0 0
342 8 0 23 0 0
354 2 2 4 3 0.00847
352 5 0 177 0 0
347 2 0 2 0 0
357 7 0 69 0 0
337 2 0 2 0 0
367 6 0 8 0 0
339 6 2 8 3 0.00885
342 13 0 110 0 0
342 7 0 11 0 0
375 17 0 41 0 0
375 19 0 45 0 0
375 26 0 121 0 0
375 26 0 499 0 0
418 26 0 186 0 0
375 21 0 55 0 0
375 19 0 49 0 0
375 19 0 43 0 0
375 26 0 465 0 0
375 26 0 2456 0 0
375 19 0 43 0 0
375 22 0 69 0 0
375 26 0 276 0 0
375 26 0 201 0 0
418 24 0 255 0 0
375 19 0 43 0 0
375 24 0 109 0 0
375 26 0 325 0 0
375 19 0 49 0 0
375 26 0 319 0 0
375 19 0 43 0 0
375 28 0 2793 0 0
375 26 0 189 0 0
375 26 0 408 0 0
375 21 0 48 0 0
375 19 0 43 0 0
375 19 0 45 0 0
375 17 0 41 0 0
363 7 1 21 2 0.00551
347 10 0 27 0 0
367 0 11 0 19 0.05177
337 7 0 24 0 0
393 7 0 13 0 0
352 5 0 5 0 0
352 4 0 8 0 0
386 5 0 5 0 0
337 1 14 14 14 0.04154
352 10 0 20 0 0
350 10 0 16 0 0
383 10 0 16 0 0
350 10 0 16 0 0
352 2 0 2 0 0
367 5 0 5 0 0
352 14 3 331 70 0.19886
352 5 2 22 2 0.00568
399 10 2 22 2 0.00501
381 12 2 72 2 0.00525
342 6 0 14 0 0
352 6 0 164 0 0
357 2 0 2 0 0
352 9 3 43 6 0.01705
