575 26 0 53 0 0
663 5 0 14 0 0
681 0 0 0 0 0
581 11 0 53 0 0
365 6 0 18 0 0
564 5 0 67 0 0
581 5 0 967 0 0
482 19 2 474 26 0.05394
681 7 0 7 0 0
639 7 1 287 2 0.00313
601 8 135 446 168 0.27953
618 10 0 1022 0 0
695 17 0 1890 0 0
564 2 0 2 0 0
581 9 0 143 0 0
472 8 6 306 7 0.01483
487 2 0 2 0 0
564 2 0 2 0 0
401 8 0 23 0 0
583 2 2 4 3 0.00515
581 5 0 177 0 0
486 2 0 2 0 0
482 7 0 69 0 0
365 2 0 2 0 0
680 6 0 8 0 0
363 6 2 8 3 0.00826
401 13 0 110 0 0
394 7 0 11 0 0
415 17 0 41 0 0
415 19 0 45 0 0
415 26 0 121 0 0
415 26 0 499 0 0
570 26 0 186 0 0
415 21 0 55 0 0
415 19 0 49 0 0
421 19 0 43 0 0
415 26 0 465 0 0
421 26 0 2456 0 0
415 19 0 43 0 0
415 22 0 69 0 0
415 26 0 276 0 0
415 26 0 201 0 0
570 24 0 255 0 0
415 19 0 43 0 0
415 24 0 109 0 0
415 26 0 325 0 0
415 19 0 49 0 0
415 26 0 319 0 0
415 19 0 43 0 0
421 28 0 2793 0 0
415 26 0 189 0 0
415 26 0 408 0 0
421 21 0 48 0 0
415 19 0 43 0 0
415 19 0 45 0 0
415 17 0 41 0 0
621 7 1 21 2 0.00322
429 10 0 27 0 0
681 0 11 0 19 0.0279
365 7 0 24 0 0
577 7 0 13 0 0
564 5 0 5 0 0
581 4 0 8 0 0
536 5 0 5 0 0
365 1 14 14 14 0.03836
564 10 0 20 0 0
393 10 0 16 0 0
535 10 0 16 0 0
393 10 0 16 0 0
581 2 0 2 0 0
681 5 0 5 0 0
581 14 3 331 70 0.12048
459 5 2 22 2 0.00436
564 10 2 22 2 0.00355
464 12 2 72 2 0.00431
401 6 0 14 0 0
581 6 0 164 0 0
487 2 0 2 0 0
564 9 3 43 6 0.01064
