402 26 0 53 0 0
505 5 0 14 0 0
464 0 0 0 0 0
390 11 0 53 0 0
351 6 0 18 0 0
389 5 0 67 0 0
390 5 0 967 0 0
396 19 2 474 26 0.06566
464 7 0 7 0 0
415 7 1 287 2 0.00482
399 8 135 446 168 0.42105
422 10 0 1022 0 0
471 17 0 1890 0 0
389 2 0 2 0 0
390 9 0 143 0 0
414 8 6 306 7 0.01691
397 2 0 2 0 0
389 2 0 2 0 0
364 8 0 23 0 0
392 2 2 4 3 0.00765
390 5 0 177 0 0
378 2 0 2 0 0
396 7 0 69 0 0
351 2 0 2 0 0
463 6 0 8 0 0
353 6 2 8 3 0.0085
364 13 0 110 0 0
365 7 0 11 0 0
397 17 0 41 0 0
397 19 0 45 0 0
397 26 0 121 0 0
397 26 0 499 0 0
472 26 0 186 0 0
397 21 0 55 0 0
397 19 0 49 0 0
398 19 0 43 0 0
397 26 0 465 0 0
398 26 0 2456 0 0
397 19 0 43 0 0
397 22 0 69 0 0
397 26 0 276 0 0
397 26 0 201 0 0
472 24 0 255 0 0
397 19 0 43 0 0
397 24 0 109 0 0
397 26 0 325 0 0
397 19 0 49 0 0
397 26 0 319 0 0
397 19 0 43 0 0
398 28 0 2793 0 0
397 26 0 189 0 0
397 26 0 408 0 0
398 21 0 48 0 0
397 19 0 43 0 0
397 19 0 45 0 0
397 17 0 41 0 0
421 7 1 21 2 0.00475
375 10 0 27 0 0
464 0 11 0 19 0.04095
351 7 0 24 0 0
511 7 0 13 0 0
389 5 0 5 0 0
390 4 0 8 0 0
431 5 0 5 0 0
351 1 14 14 14 0.03989
389 10 0 20 0 0
372 10 0 16 0 0
439 10 0 16 0 0
372 10 0 16 0 0
390 2 0 2 0 0
464 5 0 5 0 0
390 14 3 331 70 0.17949
386 5 2 22 2 0.00518
452 10 2 22 2 0.00442
413 12 2 72 2 0.00484
364 6 0 14 0 0
390 6 0 164 0 0
397 2 0 2 0 0
389 9 3 43 6 0.01542
