11 26 0 53 0 0 
2 0 2 0 0 
11 5 0 5 0 0 
11 2 0 2 0 0 
11 2 0 2 0 0 
11 2 0 2 0 0 
11 7 0 11 0 0 
11 5 0 5 0 0 
11 2 1 2 2 0.18182 
11 7 135 444 168 15.27273 
11 5 0 5 0 0 
11 10 0 20 0 0 
11 2 0 2 0 0 
11 6 0 8 0 0 
11 1 5 9 5 0.45455 
11 2 0 2 0 0 
11 2 0 2 0 0 
11 2 0 2 0 0 
11 2 0 4 0 0 
11 2 0 2 0 0 
11 2 0 2 0 0 
11 2 0 2 0 0 
11 2 0 2 0 0 
11 6 0 8 0 0 
11 6 0 8 0 0 
11 6 0 8 0 0 
11 7 0 11 0 0 
11 17 0 41 0 0 
11 17 0 41 0 0 
11 17 0 41 0 0 
11 17 0 41 0 0 
11 17 0 41 0 0 
11 17 0 41 0 0 
11 17 0 41 0 0 
11 17 0 41 0 0 
11 17 0 41 0 0 
11 17 0 41 0 0 
11 17 0 41 0 0 
11 17 0 41 0 0 
11 17 0 41 0 0 
11 17 0 41 0 0 
11 17 0 41 0 0 
11 17 0 41 0 0 
11 17 0 41 0 0 
11 17 0 41 0 0 
11 17 0 41 0 0 
11 17 0 41 0 0 
11 17 0 41 0 0 
11 17 0 41 0 0 
11 17 0 41 0 0 
11 17 0 41 0 0 
11 17 0 41 0 0 
11 17 0 41 0 0 
11 17 0 41 0 0 
11 17 0 41 0 0 
11 17 0 41 0 0 
11 5 1 5 2 0.18182 
11 7 0 17 0 0 
11 2 0 2 0 0 
11 5 0 7 0 0 
11 5 0 5 0 0 
11 2 0 2 0 0 
11 5 0 5 0 0 
11 1 14 14 14 1.27273 
11 10 0 20 0 0 
11 8 0 14 0 0 
11 8 0 14 0 0 
11 8 0 14 0 0 
11 2 0 2 0 0 
11 5 0 5 0 0 
11 5 0 5 0 0 
11 2 2 2 2 0.18182 
11 8 0 14 0 0 
11 6 0 12 0 0 
11 6 0 14 0 0 
11 2 0 2 0 0 
11 2 0 2 0 0 
11 2 3 2 6 0.54545 
