285 26 0 53 0 0
293 5 0 14 0 0
285 0 0 0 0 0
285 11 0 53 0 0
285 6 0 18 0 0
285 5 0 67 0 0
285 5 0 967 0 0
285 19 2 474 26 0.09123
285 7 0 7 0 0
285 7 1 287 2 0.00702
285 8 135 446 168 0.58947
287 10 0 1022 0 0
285 17 0 1890 0 0
285 2 0 2 0 0
285 9 0 143 0 0
285 8 5 308 5 0.01754
285 2 0 2 0 0
285 2 0 2 0 0
285 8 0 23 0 0
285 2 2 4 3 0.01053
285 5 0 177 0 0
285 2 0 2 0 0
285 7 0 69 0 0
285 2 0 2 0 0
285 6 0 8 0 0
285 6 2 8 3 0.01053
285 13 0 110 0 0
285 7 0 11 0 0
287 17 0 41 0 0
287 19 0 45 0 0
287 26 0 121 0 0
287 26 0 499 0 0
287 26 0 186 0 0
287 21 0 55 0 0
287 19 0 49 0 0
287 19 0 43 0 0
287 26 0 465 0 0
287 26 0 2456 0 0
287 19 0 43 0 0
287 22 0 69 0 0
287 26 0 276 0 0
287 26 0 201 0 0
287 24 0 255 0 0
287 19 0 43 0 0
287 24 0 109 0 0
287 26 0 325 0 0
287 19 0 49 0 0
287 26 0 319 0 0
287 19 0 43 0 0
287 28 0 2793 0 0
287 26 0 189 0 0
287 26 0 408 0 0
287 21 0 48 0 0
287 19 0 43 0 0
287 19 0 45 0 0
287 17 0 41 0 0
286 7 1 21 2 0.00699
285 10 0 27 0 0
285 0 11 0 19 0.06667
285 7 0 24 0 0
287 7 0 13 0 0
285 5 0 5 0 0
285 4 0 8 0 0
287 5 0 5 0 0
285 1 14 14 14 0.04912
285 10 0 20 0 0
285 10 0 16 0 0
287 10 0 16 0 0
285 10 0 16 0 0
285 2 0 2 0 0
285 5 0 5 0 0
285 14 1 399 2 0.00702
285 5 2 22 2 0.00702
287 10 2 22 2 0.00697
287 12 2 72 2 0.00697
285 6 0 14 0 0
285 6 0 164 0 0
285 2 0 2 0 0
285 9 3 43 6 0.02105
