71 26 0 53 0 0
71 5 0 14 0 0
71 0 0 0 0 0
71 9 0 29 0 0
71 6 0 18 0 0
71 3 0 28 0 0
71 3 0 388 0 0
71 13 2 249 26 0.3662
71 7 0 7 0 0
71 3 1 116 2 0.02817
71 8 135 446 168 2.3662
71 8 0 419 0 0
71 15 0 1509 0 0
71 2 0 2 0 0
71 7 0 62 0 0
71 6 5 230 5 0.07042
71 2 0 2 0 0
71 2 0 2 0 0
71 4 0 8 0 0
71 2 2 4 3 0.04225
71 3 0 102 0 0
71 2 0 2 0 0
71 5 0 30 0 0
71 2 0 2 0 0
71 6 0 8 0 0
71 6 2 8 3 0.04225
71 11 0 104 0 0
71 7 0 11 0 0
71 17 0 41 0 0
71 19 0 45 0 0
71 21 0 85 0 0
71 21 0 253 0 0
71 21 0 141 0 0
71 21 0 55 0 0
71 19 0 49 0 0
71 19 0 43 0 0
71 21 0 267 0 0
71 21 0 1313 0 0
71 19 0 43 0 0
71 20 0 63 0 0
71 21 0 159 0 0
71 21 0 135 0 0
71 20 0 129 0 0
71 19 0 43 0 0
71 20 0 73 0 0
71 21 0 187 0 0
71 19 0 49 0 0
71 21 0 187 0 0
71 19 0 43 0 0
71 21 0 1455 0 0
71 21 0 123 0 0
71 21 0 243 0 0
71 19 0 45 0 0
71 19 0 43 0 0
71 19 0 45 0 0
71 17 0 41 0 0
71 7 1 21 2 0.02817
71 8 0 21 0 0
71 0 9 0 16 0.22535
71 5 0 18 0 0
71 7 0 13 0 0
71 5 0 5 0 0
71 4 0 8 0 0
71 5 0 5 0 0
71 1 14 14 14 0.19718
71 10 0 20 0 0
71 9 0 16 0 0
71 9 0 16 0 0
71 9 0 16 0 0
71 2 0 2 0 0
71 5 0 5 0 0
71 9 0 185 0 0
71 3 2 10 2 0.02817
71 10 2 22 2 0.02817
71 8 2 36 2 0.02817
71 6 0 14 0 0
71 6 0 164 0 0
71 2 0 2 0 0
71 7 3 22 6 0.08451
