766 26 0 53 0 0
1173 5 0 14 0 0
1233 0 0 0 0 0
795 11 0 53 0 0
390 6 0 18 0 0
776 5 0 67 0 0
795 5 0 967 0 0
681 19 2 474 26 0.03818
1233 7 0 7 0 0
1057 7 1 287 2 0.00189
852 8 135 446 168 0.19718
864 10 0 1022 0 0
1281 17 0 1890 0 0
776 2 0 2 0 0
795 9 0 143 0 0
553 8 6 306 7 0.01266
695 2 0 2 0 0
776 2 0 2 0 0
466 8 0 23 0 0
797 2 2 4 3 0.00376
795 5 0 177 0 0
658 2 0 2 0 0
681 7 0 69 0 0
390 2 0 2 0 0
1235 6 0 8 0 0
388 6 2 8 3 0.00773
467 13 0 110 0 0
454 7 0 11 0 0
444 17 0 41 0 0
444 19 0 45 0 0
444 26 0 121 0 0
444 26 0 499 0 0
739 26 0 186 0 0
444 21 0 55 0 0
444 19 0 49 0 0
457 19 0 43 0 0
444 26 0 465 0 0
457 26 0 2456 0 0
444 19 0 43 0 0
444 22 0 69 0 0
444 26 0 276 0 0
444 26 0 201 0 0
739 24 0 255 0 0
444 19 0 43 0 0
444 24 0 109 0 0
444 26 0 325 0 0
444 19 0 49 0 0
444 26 0 319 0 0
444 19 0 43 0 0
457 28 0 2793 0 0
444 26 0 189 0 0
444 26 0 408 0 0
457 21 0 48 0 0
444 19 0 43 0 0
444 19 0 45 0 0
444 17 0 41 0 0
1041 7 1 21 2 0.00192
537 10 0 27 0 0
1233 0 11 0 19 0.01541
390 7 0 24 0 0
672 7 0 13 0 0
776 5 0 5 0 0
795 4 0 8 0 0
784 5 0 5 0 0
390 1 14 14 14 0.0359
776 10 0 20 0 0
426 10 0 16 0 0
729 10 0 16 0 0
426 10 0 16 0 0
795 2 0 2 0 0
1233 5 0 5 0 0
795 14 3 331 70 0.08805
619 5 2 22 2 0.00323
820 10 2 22 2 0.00244
555 12 2 72 2 0.0036
466 6 0 14 0 0
795 6 0 164 0 0
695 2 0 2 0 0
776 9 3 43 6 0.00773
