1095 26 0 53 0 0
1924 5 0 14 0 0
2881 0 0 0 0 0
1197 11 0 53 0 0
418 6 0 18 0 0
1166 5 0 67 0 0
1197 5 0 967 0 0
1059 19 2 474 26 0.02455
2881 7 0 7 0 0
1942 7 1 287 2 0.00103
1307 8 135 446 168 0.12854
1329 10 0 1022 0 0
3470 17 0 1890 0 0
1166 2 0 2 0 0
1197 9 0 143 0 0
748 8 6 306 7 0.00936
1104 2 0 2 0 0
1166 2 0 2 0 0
584 8 0 23 0 0
1199 2 2 4 3 0.0025
1197 5 0 177 0 0
1023 2 0 2 0 0
1059 7 0 69 0 0
418 2 0 2 0 0
3371 6 0 8 0 0
431 6 2 8 3 0.00696
625 13 0 110 0 0
545 7 0 11 0 0
476 17 0 41 0 0
476 19 0 45 0 0
476 26 0 121 0 0
476 26 0 499 0 0
1205 26 0 186 0 0
476 21 0 55 0 0
476 19 0 49 0 0
496 19 0 43 0 0
476 26 0 465 0 0
496 26 0 2456 0 0
476 19 0 43 0 0
476 22 0 69 0 0
476 26 0 276 0 0
476 26 0 201 0 0
1205 24 0 255 0 0
476 19 0 43 0 0
476 24 0 109 0 0
476 26 0 325 0 0
476 19 0 49 0 0
476 26 0 319 0 0
476 19 0 43 0 0
496 28 0 2793 0 0
476 26 0 189 0 0
476 26 0 408 0 0
496 21 0 48 0 0
476 19 0 43 0 0
476 19 0 45 0 0
476 17 0 41 0 0
1839 7 1 21 2 0.00109
753 10 0 27 0 0
2881 0 11 0 19 0.00659
418 7 0 24 0 0
1204 7 0 13 0 0
1166 5 0 5 0 0
1197 4 0 8 0 0
1262 5 0 5 0 0
418 1 14 14 14 0.03349
1166 10 0 20 0 0
461 10 0 16 0 0
1286 10 0 16 0 0
461 10 0 16 0 0
1197 2 0 2 0 0
2881 5 0 5 0 0
1197 14 3 331 70 0.05848
937 5 2 22 2 0.00213
1305 10 2 22 2 0.00153
735 12 2 72 2 0.00272
584 6 0 14 0 0
1197 6 0 164 0 0
1104 2 0 2 0 0
1166 9 3 43 6 0.00515
