330 26 0 53 0 0
372 5 0 14 0 0
332 0 0 0 0 0
329 11 0 53 0 0
326 6 0 18 0 0
329 5 0 67 0 0
329 5 0 967 0 0
330 19 2 474 26 0.07879
332 7 0 7 0 0
330 7 1 287 2 0.00606
330 8 135 446 168 0.50909
353 10 0 1022 0 0
333 17 0 1890 0 0
329 2 0 2 0 0
329 9 0 143 0 0
329 8 6 306 7 0.02128
330 2 0 2 0 0
329 2 0 2 0 0
327 8 0 23 0 0
331 2 2 4 3 0.00906
329 5 0 177 0 0
328 2 0 2 0 0
330 7 0 69 0 0
326 2 0 2 0 0
332 6 0 8 0 0
328 6 2 8 3 0.00915
327 13 0 110 0 0
327 7 0 11 0 0
357 17 0 41 0 0
357 19 0 45 0 0
357 26 0 121 0 0
357 26 0 499 0 0
395 26 0 186 0 0
357 21 0 55 0 0
357 19 0 49 0 0
357 19 0 43 0 0
357 26 0 465 0 0
357 26 0 2456 0 0
357 19 0 43 0 0
357 22 0 69 0 0
357 26 0 276 0 0
357 26 0 201 0 0
395 24 0 255 0 0
357 19 0 43 0 0
357 24 0 109 0 0
357 26 0 325 0 0
357 19 0 49 0 0
357 26 0 319 0 0
357 19 0 43 0 0
357 28 0 2793 0 0
357 26 0 189 0 0
357 26 0 408 0 0
357 21 0 48 0 0
357 19 0 43 0 0
357 19 0 45 0 0
357 17 0 41 0 0
332 7 1 21 2 0.00602
328 10 0 27 0 0
332 0 11 0 19 0.05723
326 7 0 24 0 0
366 7 0 13 0 0
329 5 0 5 0 0
329 4 0 8 0 0
354 5 0 5 0 0
326 1 14 14 14 0.04294
329 10 0 20 0 0
333 10 0 16 0 0
358 10 0 16 0 0
333 10 0 16 0 0
329 2 0 2 0 0
332 5 0 5 0 0
329 14 3 331 70 0.21277
329 5 2 22 2 0.00608
361 10 2 22 2 0.00554
358 12 2 72 2 0.00559
327 6 0 14 0 0
329 6 0 164 0 0
330 2 0 2 0 0
329 9 3 43 6 0.01824
