 algebra: 
 array,chunk: 
40,597599 
39,862842 
38,086872 
37,686258 
40,841192 
38,195155 
40,875468 
38,026265 
38,04376 
37,623218 
38,90898 
37,531463 
41,553756 
39,835887 
41,175197 
38,235682 
42,404099 
38,159927 
37,932642 
37,346253 
37,626889 
41,653796 
37,963116 
41,117447 
40,266888 
40,894273 
37,617913 
40,695769 
40,747308 
38,678535 
37,937494 
40,554544 
39,123901 
40,688852 
40,295898 
40,288729 
37,459993 
40,328399 
41,41704 
38,828481 
39,09535 
41,737118 
37,829181 
36,807128 
41,452962 
39,244384 
39,015532 
40,622811 
41,773778 
40,390612 
38,625071 
40,379123 
40,1422 
36,701771 
38,094336 
38,000057 
37,009708 
40,146559 
42,156153 
38,098977 
39,452706 
38,095896 
42,08818 
37,471107 
41,488017 
41,340206 
40,622766 
39,928226 
40,81926 
41,667415 
40,446279 
37,594582 
38,608452 
37,887038 
40,877253 
38,154105 
40,225855 
40,897248 
40,287248 
41,891373 
37,365545 
40,975858 
40,396684 
41,490346 
38,664628 
37,181323 
37,544726 
40,804184 
37,61235 
42,047699 
38,066145 
41,108208 
37,228804 
40,420449 
45,77492 
40,501895 
39,989466 
37,864939 
38,320971 
38,5379 
37,177206 
[?25h array-first: 
35,529052 
38,085383 
35,3616 
39,318393 
41,008975 
38,104758 
38,496914 
39,99449 
38,893655 
39,71264 
35,401778 
39,903221 
35,37604 
38,349803 
40,630398 
35,077868 
38,536205 
35,793684 
40,632848 
37,959346 
38,05207 
39,930626 
38,180196 
39,519281 
38,738469 
37,525194 
35,611534 
38,499127 
39,249447 
37,879969 
39,963748 
37,35073 
37,796739 
34,978336 
39,859123 
43,757599 
40,143145 
38,308815 
34,480454 
44,247139 
38,234992 
38,964525 
40,20007 
37,429467 
38,427015 
34,803893 
37,559967 
39,504174 
38,445885 
39,662891 
38,404781 
35,244566 
38,574169 
38,281983 
37,835191 
36,77716 
35,114591 
38,694148 
37,133748 
38,831455 
40,441765 
38,978249 
39,778451 
37,720524 
38,164433 
40,267666 
36,007995 
37,692756 
35,214819 
37,79338 
38,825726 
38,315121 
35,101744 
38,160926 
37,973723 
38,618051 
37,753457 
36,69508 
35,844051 
35,048076 
37,518909 
34,385999 
36,750012 
39,988788 
38,600144 
38,417688 
39,834965 
38,146045 
35,639108 
34,96351 
35,36954 
38,402055 
37,787917 
38,921621 
34,928306 
38,836903 
35,390098 
43,879479 
37,973823 
39,694655 
38,811587 
 array-last: 
36,275554 
37,100178 
36,63575 
36,235207 
36,986286 
38,155071 
37,266127 
37,096655 
37,19713 
37,595308 
37,097093 
36,565097 
37,776115 
37,232937 
36,374946 
36,905761 
37,30578 
36,962926 
37,638774 
40,21475 
38,741621 
36,678048 
36,682529 
37,017728 
37,571661 
38,473417 
36,692052 
36,944891 
38,610576 
37,286986 
36,504338 
36,565254 
38,264599 
37,699732 
37,58492 
36,915265 
37,635603 
37,212266 
36,819565 
37,744907 
36,503629 
37,06472 
36,9764 
36,411971 
37,202059 
37,158641 
37,050268 
36,834391 
37,705271 
37,027298 
37,944448 
36,896114 
41,323847 
37,082298 
36,885435 
37,355868 
36,796995 
37,27535 
37,875873 
40,350339 
37,115417 
38,933606 
36,905981 
37,716412 
36,893462 
37,034168 
37,078994 
37,211633 
37,613257 
37,323135 
36,910982 
36,890757 
37,155683 
36,221601 
37,18883 
37,909418 
38,193171 
38,127645 
37,523922 
37,771062 
37,342389 
36,872997 
37,743256 
37,758591 
37,31645 
37,301675 
37,37237 
36,280243 
36,869841 
36,473018 
37,007376 
36,521189 
36,819113 
36,950946 
37,203944 
37,384559 
36,525476 
36,883649 
36,130248 
37,941753 
37,86342 
 array-range: 
49,291612 
49,42723 
49,77662 
49,607317 
49,422729 
50,377463 
50,373193 
48,982441 
49,952008 
50,129411 
49,386681 
50,237925 
49,690024 
49,791294 
49,909638 
56,345332 
50,024012 
49,745548 
49,878476 
50,281061 
50,341966 
50,068993 
50,282991 
49,40676 
49,381605 
51,241736 
49,571576 
49,211439 
49,635655 
49,928105 
50,441886 
50,094879 
49,299579 
50,204936 
49,09693 
50,287101 
50,342334 
49,792186 
50,678083 
50,313307 
49,769914 
49,504335 
50,074999 
50,258757 
49,651784 
50,585197 
49,873519 
50,228281 
49,291019 
49,898918 
49,443805 
49,82257 
49,537596 
49,685125 
50,362263 
49,801707 
49,889904 
49,332038 
49,75519 
50,158377 
50,261435 
49,966108 
49,51398 
49,881548 
49,464041 
49,792333 
50,873618 
49,222906 
50,18189 
49,429117 
49,275541 
49,489648 
50,338142 
49,575461 
50,089444 
50,568241 
51,541026 
50,717623 
50,015559 
49,75955 
49,352292 
49,956183 
57,675503 
49,598586 
50,558514 
49,243159 
51,181224 
50,207818 
49,766561 
50,208159 
50,028848 
49,615356 
49,384182 
50,438462 
49,039273 
50,621985 
50,130308 
50,119292 
48,928003 
49,913567 
49,954266 
 arr-diff: 
36,043791 
35,777126 
35,108926 
35,095721 
35,516589 
35,454459 
36,484635 
35,540238 
36,64871 
35,547655 
41,652718 
35,23977 
35,242692 
34,791406 
35,669826 
35,211376 
35,771204 
35,727249 
35,470091 
35,444298 
35,354537 
35,833781 
35,725879 
41,739071 
34,886875 
44,273824 
35,75935 
36,121593 
35,879663 
35,241297 
34,912049 
35,611302 
35,849717 
41,839342 
35,461071 
35,311372 
35,14917 
41,912335 
34,871444 
35,372089 
34,972603 
35,122613 
36,618993 
35,577193 
36,173024 
34,997782 
35,51335 
35,419355 
35,153728 
35,457257 
35,249434 
35,293384 
35,977933 
35,139458 
35,127451 
35,353366 
36,755142 
35,651466 
35,700641 
35,195217 
40,077141 
36,41317 
41,307987 
34,950724 
35,351311 
35,717556 
35,607941 
36,617774 
35,784096 
35,215188 
35,274338 
35,035805 
35,172271 
35,594199 
35,70138 
35,738414 
36,489375 
35,389473 
35,174012 
35,003235 
36,56669 
35,501434 
35,367463 
40,836784 
37,003586 
35,426637 
36,17558 
35,909488 
35,226738 
35,562138 
37,815879 
35,886916 
41,26823 
35,377234 
35,515028 
35,241991 
35,394515 
35,552814 
35,065874 
36,359154 
37,958737 
 arr-flatten: 
35,581585 
37,122923 
35,63252 
34,982125 
36,823639 
35,936277 
36,066218 
35,205224 
35,623458 
35,545284 
34,982345 
35,867308 
34,71806 
35,135075 
35,83357 
37,106429 
35,425757 
35,240192 
36,075109 
35,477895 
36,401215 
35,357326 
35,062192 
35,989859 
35,983738 
35,387568 
34,952419 
38,412332 
36,148564 
35,003817 
35,677844 
35,78907 
35,269047 
35,945148 
35,891356 
35,245579 
36,087317 
35,627334 
35,277938 
35,54853 
34,844114 
35,234541 
35,961036 
35,900336 
36,448268 
34,995524 
35,466545 
35,571241 
35,639548 
36,612021 
35,729883 
35,167506 
35,497416 
35,611405 
36,366431 
34,966926 
35,629552 
37,122342 
35,592436 
35,158175 
35,20154 
35,917553 
41,032732 
35,717981 
35,436338 
35,475743 
35,624739 
39,709275 
35,049073 
36,549288 
36,122971 
35,160625 
35,270669 
35,392482 
35,415062 
35,584753 
35,476218 
36,78463 
35,603526 
35,193676 
35,738877 
35,799952 
41,145261 
35,297407 
36,18154 
46,789081 
37,301858 
35,273394 
35,075355 
35,829272 
35,307564 
35,517154 
35,748659 
35,815289 
36,060856 
36,509594 
42,593843 
35,437332 
35,955321 
35,747538 
34,895253 
 concat-stream: 
153,995859 
149,630456 
153,01335 
152,898085 
152,07512 
149,128015 
153,884773 
151,076733 
153,495855 
151,783666 
150,087288 
154,134651 
149,811087 
149,718351 
153,520698 
150,82963 
156,093063 
151,973037 
150,925144 
152,179478 
156,098025 
154,010432 
148,032248 
150,054923 
152,409688 
152,010324 
149,704579 
149,223512 
151,221898 
149,527452 
147,616711 
153,681154 
149,662642 
148,809776 
160,482887 
150,366035 
149,127135 
151,80452 
150,91566 
154,13605 
159,086945 
150,728933 
151,268741 
148,69426 
149,373561 
156,976042 
152,097291 
153,929982 
151,34002 
153,260041 
154,681653 
152,514153 
152,789788 
159,212971 
164,617007 
152,601766 
149,636962 
148,196848 
151,25242 
153,044341 
158,031893 
151,594667 
149,209937 
150,511908 
150,07568 
153,169854 
149,981157 
151,242564 
148,798291 
157,19415 
158,59998 
150,840305 
152,377291 
150,101505 
148,414811 
153,610923 
151,342364 
152,092082 
153,247957 
154,562285 
152,304591 
151,725096 
149,663535 
150,34464 
151,332313 
147,605763 
151,403552 
149,967998 
155,047304 
148,238943 
149,97883 
154,767688 
150,819282 
147,404822 
153,581757 
148,848193 
152,904388 
148,543331 
150,091218 
148,493258 
151,954612 
 deep-bind: 
46,025314 
44,401666 
43,826103 
44,411637 
43,187457 
45,802777 
46,921735 
43,877411 
43,872271 
45,767591 
43,372144 
43,430525 
43,549445 
45,789614 
45,27212 
43,97304 
43,966547 
44,106819 
43,834807 
46,113426 
46,359681 
46,679319 
44,681482 
46,020447 
43,682644 
44,781312 
44,46685 
43,928148 
43,817138 
43,709016 
43,022466 
43,55217 
45,283876 
45,810142 
43,632831 
43,299426 
43,381966 
47,331494 
42,919178 
43,820006 
43,57027 
43,548089 
45,285456 
44,502007 
45,165547 
44,325615 
44,221697 
42,77504 
44,30645 
44,547284 
45,338404 
43,974172 
45,923697 
44,366195 
48,919606 
43,890654 
44,039894 
44,091418 
44,081978 
43,517634 
43,768464 
45,840289 
43,816869 
44,973941 
43,721306 
43,603134 
43,922559 
43,133615 
43,018845 
42,991675 
46,260478 
43,290418 
44,833244 
51,581513 
44,229849 
44,520131 
44,859248 
44,631258 
44,170146 
44,519096 
43,708031 
45,799775 
43,866957 
44,126823 
44,426114 
43,939036 
43,92206 
45,147499 
42,630767 
46,571798 
44,787936 
44,227008 
42,976751 
46,592156 
44,485531 
44,884103 
44,061608 
43,88562 
43,530948 
51,2947 
45,461142 
 document-ready: 
 file-size: 
 fs-promise: 
148,801078 
144,330463 
147,759738 
148,288363 
151,004492 
147,310166 
145,350728 
149,439663 
148,319805 
149,06293 
150,656844 
144,055647 
148,77284 
146,821053 
149,303587 
150,917588 
143,314997 
148,734737 
153,471697 
145,847403 
150,921828 
152,741224 
146,252766 
145,886316 
149,534557 
143,232112 
147,217204 
151,344108 
146,996965 
151,845203 
147,201166 
145,858702 
143,525861 
149,45167 
150,646413 
144,178285 
148,388002 
145,469756 
148,339506 
149,958688 
144,279333 
143,602307 
152,105711 
150,501268 
148,890609 
152,284835 
144,887089 
139,77718 
148,097466 
153,050179 
150,362763 
147,048961 
146,800644 
151,364801 
146,951785 
148,1763 
151,397725 
148,537198 
158,763603 
148,71528 
148,514052 
153,764841 
148,98821 
145,819886 
146,482959 
145,418416 
162,251627 
149,724574 
148,462987 
148,831893 
147,600354 
149,215401 
147,518367 
146,251995 
149,037499 
144,96103 
150,708025 
147,379826 
147,273684 
147,689036 
148,903011 
144,564149 
143,017297 
151,176392 
141,743122 
141,951431 
146,039518 
148,072131 
146,357813 
150,686224 
146,876804 
147,349243 
146,681235 
145,300974 
143,956239 
148,379164 
149,745648 
142,595753 
147,457085 
146,823196 
145,660177 
 get-value: 
138,688065 
126,223633 
127,317618 
125,631873 
129,672257 
124,571653 
125,945035 
127,187503 
125,846877 
124,700086 
128,71247 
128,251755 
126,371466 
128,235402 
124,77635 
127,723935 
127,674306 
128,274859 
129,241211 
124,72682 
127,840101 
125,881588 
125,362037 
129,125233 
124,864649 
126,933923 
126,741388 
125,991787 
134,502998 
127,460237 
126,163791 
126,726764 
126,272063 
129,434117 
124,337179 
127,657013 
130,087488 
124,990174 
127,999985 
127,431057 
128,310686 
125,94333 
126,776265 
126,30674 
127,110401 
124,541657 
126,284157 
125,368656 
126,816651 
129,142484 
127,823236 
127,037206 
128,045127 
131,540731 
127,383195 
125,789069 
126,314696 
127,884166 
127,908216 
128,574791 
127,963362 
131,216749 
130,321192 
126,765184 
130,064461 
127,902704 
124,928728 
129,141023 
130,991583 
132,864857 
131,56334 
125,049821 
126,68689 
130,444535 
126,416164 
125,455932 
131,94325 
128,977032 
126,709312 
130,700629 
124,557686 
125,970534 
130,38925 
128,076216 
128,235813 
130,262313 
126,627577 
124,99731 
135,263684 
127,038851 
127,867681 
134,530597 
126,96896 
127,547814 
128,260906 
125,34287 
126,332423 
127,476287 
128,576662 
126,404067 
126,522951 
 group-array: 
105,130152 
112,88809 
105,687472 
106,484811 
105,698552 
105,352902 
105,084119 
109,005198 
108,740553 
106,085062 
106,48193 
106,731973 
104,96796 
109,384215 
106,804808 
109,824611 
106,293669 
109,226625 
106,105699 
108,32709 
110,491469 
108,367907 
106,154461 
109,331139 
107,163758 
112,444463 
108,000536 
106,549918 
111,804101 
108,862433 
109,550494 
104,643782 
106,158955 
108,379474 
106,068525 
107,951287 
105,948038 
104,68392 
106,627876 
106,117784 
108,646472 
106,574147 
107,016575 
108,820241 
106,51747 
107,664052 
106,641303 
105,542021 
111,298877 
106,147405 
105,399783 
105,817088 
110,130683 
107,670102 
113,991474 
106,720122 
110,195837 
110,618809 
107,876197 
107,388483 
111,210107 
112,277571 
110,343261 
107,258771 
106,769822 
111,249873 
104,888236 
105,720398 
108,639719 
107,369831 
107,389541 
106,299242 
106,738084 
105,952868 
107,812583 
110,650875 
105,589818 
110,069534 
105,184204 
108,13329 
106,500839 
106,228992 
106,523411 
105,138114 
107,122992 
106,715449 
107,210284 
104,745946 
104,314671 
106,359286 
107,057633 
110,242165 
107,956402 
107,282622 
112,394991 
108,954056 
106,035315 
126,444348 
107,175865 
107,886832 
106,6006 
 has-key-deep: 
55,672194 
55,62463 
56,517986 
55,115079 
54,524374 
55,969882 
55,183541 
56,146412 
55,975327 
54,589752 
55,596728 
55,354171 
54,901547 
61,781819 
55,428701 
56,171622 
61,817783 
54,864161 
54,874658 
55,138525 
54,669387 
55,79841 
60,953522 
56,242181 
55,653086 
55,216071 
58,029333 
55,243892 
55,153744 
55,17875 
56,478931 
55,477043 
55,36253 
55,751926 
55,646201 
54,808072 
54,995101 
56,021351 
55,145152 
55,160466 
55,380688 
54,9283 
55,984207 
55,017245 
54,843394 
61,092893 
55,394495 
55,378762 
61,420995 
56,719018 
55,237072 
55,007615 
62,35048 
55,117751 
55,694175 
56,218455 
57,580599 
55,603119 
54,983161 
55,398022 
54,700501 
55,545776 
56,750696 
55,206019 
55,262481 
55,131301 
55,163792 
56,588518 
56,51714 
54,864341 
55,342262 
54,894563 
61,999932 
55,084681 
56,08044 
55,183652 
61,435493 
61,29834 
60,945628 
54,848683 
55,804977 
58,881494 
55,495346 
55,076833 
55,328953 
55,329261 
54,987701 
55,778938 
55,811176 
56,185217 
55,042692 
55,154778 
61,759349 
55,483511 
56,332002 
55,544588 
56,145902 
54,977027 
61,321878 
55,565724 
56,410429 
 has-value: 
42,302049 
42,654701 
44,037547 
49,038615 
42,116712 
43,113145 
41,761212 
44,443847 
41,771076 
42,743743 
43,603601 
42,283087 
43,015011 
42,920298 
41,683164 
42,765048 
43,012773 
42,150193 
42,114606 
42,684546 
43,522801 
50,105751 
42,243312 
42,978569 
42,964221 
42,662851 
43,9479 
42,479396 
42,133336 
43,004987 
43,561011 
43,128939 
42,858793 
41,695069 
42,527758 
42,78375 
42,780418 
42,777212 
42,70795 
56,724936 
42,708091 
42,075837 
49,018131 
42,700854 
43,345721 
42,862085 
42,305218 
43,094257 
41,909526 
43,334033 
42,145281 
42,534856 
42,588675 
42,956904 
43,901163 
42,751676 
42,616408 
42,770205 
42,928299 
49,59524 
41,92822 
42,59063 
42,967906 
42,806977 
42,46779 
42,178525 
42,760214 
42,56755 
41,77206 
42,292804 
42,001676 
43,892495 
43,393118 
43,995747 
42,319311 
42,140751 
44,247846 
43,264673 
43,063631 
42,551701 
41,677327 
42,347732 
48,30782 
42,213688 
48,098228 
42,361904 
48,7606 
42,559687 
44,429489 
42,292341 
42,696155 
43,336612 
42,875127 
43,817193 
42,166347 
42,749098 
43,83052 
42,551619 
48,469116 
42,34412 
42,099589 
 he: 
90,392411 
94,186061 
93,288557 
97,52987 
96,717006 
95,104836 
93,115943 
95,221467 
93,307919 
93,312745 
95,10596 
97,153019 
95,121823 
95,015256 
93,761976 
92,379157 
94,633436 
93,056372 
96,15041 
99,396793 
96,436136 
92,360399 
95,141393 
92,787977 
96,3549 
95,428684 
96,96162 
99,562025 
92,233568 
93,022178 
95,959923 
97,120474 
92,221077 
95,217185 
95,855544 
92,815652 
92,417302 
92,754116 
92,628837 
94,794313 
98,425211 
96,685479 
91,920591 
89,446698 
95,780421 
94,651996 
97,705194 
95,885026 
91,111609 
92,929608 
98,294283 
93,082599 
94,931592 
96,345828 
98,624428 
94,443423 
93,904111 
94,180322 
95,153923 
94,027274 
96,570237 
97,0323 
95,55854 
95,322997 
96,196066 
96,179096 
96,969146 
91,007313 
96,179971 
93,047112 
92,817751 
92,090815 
93,603773 
93,842805 
94,198538 
91,832406 
92,809308 
95,092865 
98,071383 
92,251126 
96,844469 
99,113277 
96,778471 
90,480275 
94,085295 
92,85693 
95,266522 
92,314195 
94,370953 
92,421805 
96,828333 
92,008172 
94,192763 
96,014198 
92,56741 
93,261196 
98,902237 
92,091529 
93,002151 
93,367072 
95,663304 
 identity-function: 
30,339437 
29,599506 
29,449329 
29,614775 
29,931967 
29,039888 
29,616587 
29,433193 
29,469213 
29,45945 
29,473806 
29,355708 
29,368244 
29,69884 
29,842259 
29,476673 
29,35084 
29,805231 
29,745861 
29,448202 
29,693862 
29,481278 
29,178733 
29,601358 
29,635034 
30,125019 
29,371255 
29,69433 
29,480415 
29,248642 
29,700352 
29,29788 
29,300795 
32,965614 
29,450442 
29,305357 
30,650136 
29,31514 
29,61141 
30,582864 
29,413041 
29,490039 
29,769049 
29,143874 
29,108652 
29,704791 
29,190169 
30,10061 
29,425448 
29,532374 
29,494519 
29,30825 
29,396426 
29,626932 
29,515493 
29,370695 
29,361584 
29,04405 
29,763129 
29,880329 
29,201655 
29,240332 
30,521616 
29,712637 
29,447362 
29,468542 
29,290762 
29,08755 
29,051978 
29,313241 
29,673981 
29,105907 
29,387932 
29,663072 
29,586314 
29,878511 
29,410291 
29,268393 
29,198605 
29,098369 
29,497443 
29,526284 
29,392608 
29,276218 
29,024186 
29,633114 
29,546858 
29,589035 
29,840735 
29,217166 
29,817824 
30,811553 
29,391184 
29,598713 
30,568132 
29,806829 
29,786592 
30,350263 
29,464148 
29,223611 
29,661531 
 in-array: 
31,70562 
37,540771 
32,009573 
32,061699 
31,232213 
32,697114 
34,9515 
32,103975 
31,250393 
37,01612 
31,555897 
31,803247 
31,392406 
31,463973 
31,555701 
31,690017 
31,411483 
31,259707 
32,109641 
31,813273 
31,388939 
31,774353 
32,258936 
31,424738 
32,058596 
31,559762 
32,076652 
31,72711 
31,516898 
32,410244 
32,50151 
32,39963 
32,032122 
31,469079 
32,479738 
31,61743 
31,271557 
31,883087 
31,327469 
31,952426 
31,724799 
31,245509 
31,875734 
31,726595 
31,862326 
31,741769 
32,526245 
31,656877 
31,487246 
31,210022 
32,012094 
32,314704 
37,111704 
32,419643 
31,544659 
32,398592 
36,886604 
31,588877 
31,458619 
31,777163 
34,92325 
31,455985 
31,954182 
31,945459 
31,294317 
31,858102 
31,188293 
37,64011 
31,415421 
31,999022 
32,851754 
32,337002 
32,858629 
32,938016 
31,888405 
31,633714 
31,736644 
32,388414 
32,21401 
31,814711 
32,290385 
31,811274 
32,876194 
31,68786 
31,877658 
32,618902 
31,841412 
31,825778 
32,413771 
30,902855 
37,171102 
31,779662 
31,705173 
32,759626 
31,764863 
30,90617 
32,0348 
31,645273 
31,69277 
31,776421 
32,308081 
 is-empty-object: 
29,46585 
29,026802 
29,271754 
28,723221 
29,396578 
29,881792 
29,115769 
29,93417 
29,244939 
29,211396 
29,605276 
29,431673 
28,922842 
29,133456 
30,895867 
29,634312 
29,159551 
29,929245 
29,224566 
29,704746 
28,993844 
29,136112 
29,166014 
29,94739 
28,998027 
29,11374 
29,035036 
29,794525 
29,830496 
29,34223 
28,93449 
29,113107 
29,661097 
29,1011 
30,123466 
29,123091 
29,418895 
29,246941 
29,075246 
29,749025 
28,957063 
29,80246 
29,441304 
29,889312 
29,303139 
29,293874 
29,549089 
29,302675 
29,506341 
29,109539 
28,909427 
29,392796 
29,137436 
29,062373 
29,909331 
29,695821 
28,751401 
28,912997 
29,123983 
28,964497 
28,871103 
29,812915 
29,255077 
29,260066 
29,827825 
30,089934 
29,209452 
29,584032 
29,941322 
28,885761 
29,368156 
30,073647 
29,065896 
28,700091 
29,460184 
29,872223 
29,164228 
28,809724 
28,945042 
29,64547 
29,415426 
29,119973 
28,991588 
28,85304 
28,932509 
29,223381 
29,256652 
28,910695 
29,10494 
29,202088 
28,966172 
29,705698 
29,058053 
29,216251 
28,901813 
29,022251 
30,130287 
29,231093 
29,571748 
29,317452 
29,782164 
 is-generator: 
89,380145 
87,833891 
88,024598 
87,669011 
88,546037 
88,948516 
88,495082 
88,4124 
87,881437 
88,568081 
89,293861 
88,983382 
87,494306 
87,511372 
88,276238 
94,888634 
87,438331 
87,377991 
88,069452 
88,391781 
87,932046 
88,107172 
88,241593 
88,512155 
93,596441 
88,502472 
88,329753 
87,983518 
88,652892 
87,642222 
88,071868 
87,403608 
87,713113 
88,22962 
88,745476 
101,119681 
87,722139 
88,730095 
88,142699 
88,305124 
88,713306 
88,654927 
88,287249 
87,910493 
87,860534 
87,199031 
88,144792 
87,344919 
88,090594 
89,191647 
88,024262 
88,760576 
87,435305 
87,700097 
88,308476 
88,511357 
90,881149 
87,786672 
88,794475 
87,986739 
87,704035 
88,524621 
88,273658 
88,364016 
87,756541 
89,71852 
94,319553 
87,057524 
87,901601 
87,965118 
90,253421 
88,283607 
89,119583 
87,891362 
88,344033 
88,104212 
88,10461 
87,96152 
91,454142 
89,0941 
87,734313 
87,748741 
88,297394 
87,543961 
88,838984 
88,229254 
88,209619 
87,392969 
94,465069 
88,308848 
87,695711 
90,698716 
88,850594 
87,986652 
88,12289 
88,244372 
87,424308 
89,969437 
88,637761 
88,198302 
87,34776 
 is-number: 
63,937429 
64,013808 
68,820823 
70,968638 
63,654154 
62,071052 
64,46271 
63,887912 
65,842231 
62,389774 
64,063709 
61,865195 
63,084154 
64,549023 
62,444961 
68,936101 
62,715875 
62,908784 
65,188558 
62,963386 
66,98119 
62,044771 
63,116009 
63,192181 
64,94122 
63,789752 
63,811642 
63,645451 
62,669946 
62,549235 
63,371357 
62,064314 
62,096514 
63,517384 
64,254805 
63,657428 
65,232915 
62,405954 
69,17828 
63,045748 
62,407646 
64,648721 
62,728817 
63,608375 
62,429063 
63,486687 
66,20991 
62,740611 
63,576977 
63,170281 
64,115548 
62,984683 
65,075823 
65,33202 
63,748428 
64,330923 
64,612661 
62,782691 
65,053965 
62,174924 
62,556351 
62,782604 
62,68801 
63,501023 
63,136201 
72,24378 
61,877023 
65,266368 
64,234807 
64,340673 
65,69773 
65,078975 
64,926693 
63,158038 
64,015254 
63,329191 
62,028238 
63,647114 
64,106559 
63,513143 
64,682854 
62,970138 
64,831266 
64,355797 
62,651936 
62,280007 
62,423663 
62,679315 
63,171775 
82,053409 
62,091965 
62,966136 
68,832423 
62,656084 
62,82868 
62,220359 
63,89951 
65,544135 
63,216033 
63,035775 
63,585744 
 is-promise: 
 is-sorted: 
74,421582 
75,340606 
79,256243 
74,91669 
75,022258 
76,242373 
75,042029 
75,975203 
74,912469 
75,420379 
74,763142 
75,251577 
74,451376 
76,015156 
75,946512 
81,428996 
74,994099 
75,25737 
74,292725 
75,052567 
74,978112 
75,286868 
74,478315 
76,976401 
74,657379 
75,152494 
75,034003 
74,60447 
75,660937 
74,787862 
75,828724 
75,465935 
75,818561 
74,662381 
74,720264 
74,289199 
75,30852 
75,567671 
74,427632 
76,187941 
76,247927 
74,401407 
74,750072 
75,179428 
75,779805 
75,99945 
74,61357 
74,884122 
75,180375 
76,438157 
74,404464 
76,519157 
75,068063 
74,944029 
74,532729 
75,319531 
75,068532 
75,844395 
74,800026 
76,333873 
76,718903 
74,791397 
74,926376 
76,90964 
74,667676 
75,248209 
75,522331 
75,681707 
74,841063 
75,438736 
75,441376 
75,498861 
74,9193 
74,792595 
75,039066 
75,977393 
75,04687 
74,807433 
74,77027 
76,331302 
74,959644 
74,5109 
75,647947 
75,625143 
74,368062 
75,206988 
75,239458 
76,145145 
75,455443 
75,537175 
76,169441 
74,336195 
74,277275 
75,294749 
75,695339 
75,778937 
74,491029 
76,194952 
75,340682 
75,546053 
74,731605 
 left-pad: 
349,473341 
345,22857 
328,486462 
328,454567 
365,547139 
343,133077 
358,812568 
350,522392 
349,899695 
344,608975 
353,973735 
345,125923 
357,363507 
342,197903 
350,195522 
350,735524 
346,251782 
345,053436 
348,649981 
342,807072 
343,651788 
337,109563 
342,414553 
348,48015 
345,195229 
342,267615 
350,928693 
344,7678 
347,250578 
343,342719 
344,54963 
343,363491 
351,695728 
344,163822 
343,912841 
345,940703 
340,800031 
344,508482 
344,246508 
340,524956 
354,128359 
346,22915 
348,368267 
340,979627 
339,334642 
338,112413 
344,827806 
349,101392 
339,091531 
352,932577 
331,826564 
348,481696 
339,656121 
344,909773 
342,196121 
348,189159 
353,27385 
347,926486 
339,814822 
352,993909 
344,252082 
348,548095 
343,74227 
350,169189 
317,960065 
362,426469 
341,154739 
342,560957 
346,807994 
348,484538 
346,667234 
353,228954 
343,017515 
346,523201 
346,192899 
338,18344 
338,564361 
348,929274 
353,340263 
341,202339 
334,944443 
335,310873 
349,851083 
357,295653 
345,390065 
346,148164 
353,871266 
345,554943 
320,180332 
347,262028 
346,79043 
332,985163 
333,082961 
344,273863 
343,816947 
349,282743 
347,888513 
347,25892 
348,033972 
350,712039 
357,549001 
 missing-deep-keys: 
40,275022 
133,444774 
40,45414 
130,249976 
41,040501 
131,587007 
40,064795 
133,040715 
40,161095 
131,67639 
40,235123 
134,911203 
39,91895 
130,085054 
41,299741 
141,061545 
40,10479 
131,355135 
40,219752 
130,300002 
40,167231 
130,882419 
39,902102 
133,186057 
40,36095 
130,328067 
40,073871 
133,401464 
39,955377 
135,763 
40,159811 
130,857393 
40,282051 
140,680567 
40,261182 
135,203431 
39,972866 
133,489577 
39,890978 
131,325723 
40,078685 
133,818429 
40,032524 
129,978485 
40,321707 
130,602375 
42,931359 
130,596605 
40,599335 
130,993633 
40,052412 
131,758927 
41,497824 
131,463577 
40,002876 
131,121138 
40,256024 
133,770687 
40,351401 
130,629257 
40,270966 
158,950845 
40,495761 
129,755627 
40,253495 
130,350426 
40,256255 
130,352088 
40,304862 
131,749253 
40,180215 
131,096248 
41,032954 
134,348114 
40,21793 
133,332609 
39,966455 
133,733292 
39,855318 
131,995424 
40,227449 
130,595167 
40,264706 
137,758517 
40,457399 
131,294108 
39,905621 
133,458034 
40,342485 
136,615704 
40,155964 
130,314207 
40,080268 
129,89877 
40,187657 
131,178401 
41,034378 
131,534968 
40,092943 
132,575693 
40,169936 
130,611196 
40,087788 
134,83859 
40,287436 
131,817758 
40,388819 
130,440145 
40,215905 
142,178232 
40,146561 
131,978666 
39,976471 
130,069817 
40,157179 
131,472844 
40,300197 
134,590674 
40,061472 
130,734289 
40,431835 
129,910108 
40,458386 
133,056981 
40,088158 
130,821525 
40,095088 
131,102987 
41,974798 
132,085227 
40,284336 
136,040413 
39,620594 
130,543403 
40,533832 
129,831015 
40,172723 
131,236014 
40,50543 
130,353053 
40,911255 
135,993744 
40,111981 
131,924066 
40,058173 
130,718554 
40,10326 
129,662142 
40,127131 
132,598155 
40,031077 
130,24418 
40,338022 
131,709999 
40,354135 
133,120697 
39,964667 
131,266629 
40,374111 
130,378069 
40,370414 
132,580724 
40,002807 
138,631208 
40,103705 
134,158376 
40,306172 
131,032133 
40,127552 
130,984544 
40,343414 
130,785124 
41,981213 
135,040222 
43,455867 
130,836809 
40,135037 
130,471268 
40,04284 
130,971411 
40,280083 
133,169191 
39,994923 
133,961389 
39,913371 
130,658682 
40,29727 
132,945291 
40,278346 
134,155018 
40,160654 
129,78242 
40,0838 
132,653544 
40,351676 
131,038389 
39,076884 
131,744835 
39,702583 
132,043305 
40,111125 
133,709043 
 ndarray: 
88,676835 
94,196493 
88,516295 
87,16837 
87,412101 
86,996014 
87,372277 
88,52286 
87,169745 
87,243492 
86,951983 
88,526968 
88,590504 
88,378162 
89,893209 
88,772684 
87,27649 
88,774341 
90,910313 
86,580322 
86,730062 
88,14616 
88,525639 
87,221963 
86,452051 
87,30008 
89,071644 
87,463495 
88,02206 
87,76008 
89,348929 
89,7961 
88,508156 
87,96365 
88,405663 
93,524014 
87,703761 
89,298989 
91,613959 
87,349232 
89,034467 
87,815421 
89,173553 
89,18537 
88,177532 
88,211918 
87,404851 
88,402728 
93,008942 
88,686466 
96,382003 
88,746061 
88,459468 
88,460651 
87,846438 
90,366419 
91,160422 
88,435171 
87,509209 
88,784409 
87,280748 
89,689968 
89,683895 
86,578393 
95,133193 
88,146608 
87,930604 
89,969422 
94,683721 
87,602909 
87,966911 
88,916677 
92,610015 
87,661626 
88,295952 
90,318846 
87,525364 
89,275528 
89,445755 
89,137608 
87,476454 
87,022919 
87,736601 
90,00821 
87,229784 
87,372539 
89,384711 
88,824152 
87,716919 
88,148976 
87,754426 
88,3928 
108,861513 
89,38084 
88,001606 
90,270563 
87,20748 
86,762789 
88,036126 
88,162487 
87,543405 
 node-du: 
109,622495 
113,843685 
107,459905 
111,052411 
111,471553 
110,072866 
109,572461 
109,69923 
107,872697 
109,557485 
108,972923 
110,437377 
108,677487 
109,111703 
110,329731 
114,032489 
108,400943 
108,758755 
107,355808 
108,725372 
113,10549 
108,693485 
105,953129 
114,767507 
105,549975 
113,966664 
116,511344 
112,973889 
110,366524 
117,181103 
112,544263 
116,268999 
109,449896 
105,563143 
110,236737 
106,653877 
114,061853 
113,525024 
115,73828 
116,914152 
109,550172 
107,744143 
107,464731 
108,510653 
114,838376 
113,558053 
113,272102 
108,989707 
112,930242 
106,698735 
110,015482 
108,989633 
110,19627 
113,781088 
109,620091 
117,303411 
106,970074 
110,065484 
113,530793 
114,070816 
117,279124 
109,034454 
109,60639 
106,673339 
106,314027 
114,24131 
109,382466 
113,56798 
106,56953 
111,740589 
107,614745 
113,528685 
107,802087 
107,196892 
114,680595 
107,913476 
107,913863 
114,294766 
106,326904 
107,31964 
116,228476 
109,218979 
107,752286 
115,134759 
106,423524 
109,461443 
113,013735 
108,445634 
114,335607 
113,303182 
109,267901 
121,966729 
107,302868 
115,926879 
114,575334 
108,255921 
107,815173 
110,155846 
107,619306 
109,400028 
111,480692 
 node-glob: 
    24,345044 
    34,513919 
    16,46451 
    14,266499 
    19,852147 
    15,868336 
    14,943628 
    16,778871 
    26,392951 
    14,205476 
    15,518275 
    14,445305 
    14,277333 
    29,847557 
    15,181242 
    18,97155 
    19,028282 
    14,92013 
    15,226031 
    15,434409 
    15,992927 
    14,393486 
    16,496686 
    14,161008 
    14,405027 
    16,087872 
    15,624837 
    15,075048 
    15,961472 
    14,288598 
    34,548321 
    16,196926 
    14,518498 
    14,580094 
    19,298213 
    15,656208 
    14,391083 
    14,067402 
    29,905791 
    14,302581 
    15,128159 
    30,23491 
    14,429551 
    15,690986 
    17,810736 
    19,291003 
    19,062976 
    14,785437 
    30,831185 
    14,249403 
    14,479181 
    14,324436 
    14,65756 
    14,371056 
    14,824231 
    18,302294 
    15,62156 
    16,848419 
    15,976702 
    14,216265 
    34,49228 
    14,311324 
    14,704021 
    14,463233 
    19,172849 
    14,502637 
    14,916144 
    26,490882 
    24,290303 
    14,096006 
    16,935496 
    30,50132 
    14,263476 
    15,317541 
    14,319047 
    19,272202 
    19,298796 
    32,778405 
    14,448256 
    14,153526 
    14,582636 
    16,591616 
    26,525499 
    14,380975 
    14,197934 
    15,107325 
    15,217141 
    49,932983 
    15,43758 
    41,75339 
    24,210693 
    16,623776 
    14,530247 
    14,025404 
    19,227243 
    14,223696 
    14,295046 
    14,084209 
    15,46196 
    15,126998 
    14,199869 
    14,287057 
    15,002934 
    24,854 
    15,881516 
    19,048051 
    19,19612 
    41,283436 
    14,873281 
    14,221117 
    14,379452 
    14,898863 
    28,991009 
    16,132745 
    17,202735 
    14,378364 
    28,017589 
    15,166632 
    15,085797 
    27,482395 
    23,656159 
    14,178305 
    16,868451 
    15,203864 
    19,188335 
    38,530998 
    14,895258 
    14,84931 
    14,729237 
    16,260338 
    14,203882 
    15,201339 
    24,983795 
    15,949251 
    36,995897 
    19,09473 
    19,091082 
    14,491757 
    15,135189 
    15,581829 
    14,414952 
    14,483545 
    18,096483 
    15,323858 
    38,779915 
    15,3918 
    26,959511 
    15,486078 
    15,507903 
    27,980156 
    35,113329 
    25,606837 
    14,302143 
    45,929702 
    19,336012 
    15,88956 
    14,883331 
    14,929443 
    14,407343 
    14,349425 
    14,199124 
    14,119058 
    14,224763 
    14,440267 
    14,441925 
    19,882711 
    19,164658 
    15,128583 
    14,277278 
    14,435831 
    25,323572 
    14,460205 
    14,639582 
    31,77449 
    14,380672 
    14,719351 
    21,904388 
    22,996044 
    14,707326 
    25,810594 
    35,897365 
    14,257762 
    15,370118 
    42,658465 
    18,918733 
    16,424786 
    14,69627 
    14,224836 
    14,202474 
    14,39346 
    14,424114 
    16,296846 
    14,662938 
    17,134455 
    14,462392 
    19,072541 
    19,142599 
    46,614757 
    15,034438 
    14,409335 
    14,380941 
    16,690594 
    16,274066 
    14,152423 
    14,677932 
    15,354555 
    15,881633 
    14,577148 
    15,157134 
    14,252564 
    49,846059 
    23,802247 
    20,072862 
    14,88034 
    19,043999 
    14,613405 
    14,218887 
    14,315613 
    32,26386 
    14,44432 
    31,64149 
    15,178123 
    14,757955 
    15,115098 
    14,561272 
    19,195246 
    19,369881 
    15,246497 
    15,515663 
    15,612365 
    14,380932 
    14,230577 
    28,804644 
    16,665014 
    27,555981 
    15,745586 
    14,856249 
    43,331826 
    15,867486 
    15,560148 
    23,738249 
    14,677511 
    25,509963 
    15,483001 
    20,392594 
    14,933578 
    14,341662 
    31,771269 
    14,622994 
    14,413733 
    14,174991 
    30,709706 
    28,057078 
    15,691262 
    14,940889 
    19,308817 
    18,981363 
    14,365777 
    14,723906 
    14,236239 
    14,922008 
    14,946585 
    30,116151 
    29,648169 
    30,385452 
    14,566965 
    14,291289 
    15,41571 
    14,486573 
    25,595333 
    55,002405 
    14,311246 
    14,519476 
    14,571943 
    19,205336 
    14,557035 
    26,095725 
    48,916983 
    16,575201 
    28,191738 
    14,225521 
    15,707348 
    14,329278 
    15,736313 
    14,311948 
    19,211531 
    19,202181 
    15,093567 
    17,024919 
    14,444228 
    14,607103 
    31,868101 
    14,387504 
    31,49686 
    15,616452 
    25,751045 
    26,849815 
    26,73238 
    16,129676 
    14,292218 
    24,347798 
    14,876363 
    15,468222 
    16,555014 
    19,069473 
    14,782199 
    14,091979 
    14,905372 
    14,467092 
    14,530453 
    14,333569 
    14,464886 
    15,00525 
    14,312445 
    14,748158 
    19,328643 
    19,062641 
    14,50081 
    14,156152 
    15,118935 
    15,470822 
    15,966727 
    15,268601 
    19,831135 
    14,257999 
    14,237242 
    14,287651 
    16,017367 
    25,918344 
    14,3875 
    23,971932 
    29,181299 
    14,405168 
    15,325754 
    19,17208 
    15,311505 
    29,884374 
    14,080142 
    44,995921 
    14,62288 
    14,738662 
    16,576533 
    44,644347 
    14,440468 
    15,135104 
    19,121859 
    19,061218 
    14,304713 
    22,118074 
    29,569973 
    14,247317 
    15,668881 
    14,120004 
    15,091801 
    14,209401 
    14,946384 
    14,02945 
    27,549589 
    14,315977 
    14,861228 
    55,005768 
    27,198712 
    14,524982 
    14,868646 
    19,266155 
    16,017426 
    15,342667 
    16,576924 
    15,418723 
    44,921318 
    14,113744 
    14,395345 
    15,998678 
    15,368651 
    14,182398 
    19,047922 
    19,752363 
    14,31546 
    14,346708 
    16,214557 
    15,085225 
    15,135907 
    14,342517 
    14,184833 
    14,983354 
    14,384511 
    14,271121 
    14,343681 
    14,305421 
    14,19628 
    24,428523 
    15,321756 
    14,229533 
    16,192291 
    19,125361 
    42,250177 
    14,863144 
    14,102218 
    14,241477 
    14,266215 
    15,857884 
    15,034572 
    14,995532 
    16,007638 
    14,796168 
    19,071869 
    19,449866 
    16,088212 
    16,658066 
    14,38873 
    14,994755 
    18,271119 
    15,11538 
    15,557406 
    14,371082 
    15,555773 
    15,091936 
    14,676203 
    14,390122 
    25,700124 
    23,717702 
    18,375288 
    15,039587 
    26,68269 
    19,163886 
    14,339375 
    23,788489 
    14,184965 
    14,334678 
    17,616498 
    15,286391 
    16,926512 
    29,918346 
    15,281027 
    14,295689 
    19,310267 
    19,242745 
    14,740857 
    52,314027 
    14,254758 
    14,38569 
    15,129041 
    14,171829 
    14,286685 
    53,934434 
    14,116361 
    32,435706 
    14,56481 
    14,521641 
    15,924944 
    38,156374 
    14,205921 
    15,214853 
    14,663819 
    19,138762 
    13,943391 
    29,861937 
    14,661671 
    16,006733 
    14,76862 
    14,059147 
    28,197223 
    14,676141 
    15,276758 
    14,356997 
    19,068815 
    19,432715 
    15,09915 
    15,470537 
    15,644203 
    15,09629 
    15,096905 
    14,933905 
    14,218069 
    14,362939 
    42,684713 
    14,723992 
    14,751479 
    15,520397 
    14,379586 
    24,392043 
    15,113078 
    14,640878 
    14,732235 
    19,066893 
    16,030747 
    14,78415 
    46,688346 
    15,229588 
    14,555652 
    14,257423 
    14,627573 
    18,069209 
    14,666494 
    16,459084 
    19,406251 
    19,172544 
    14,648533 
    15,621616 
    15,508072 
    14,255749 
    14,341776 
    37,108041 
    14,397742 
    15,699026 
    15,405323 
    26,172539 
    14,206013 
    15,004154 
    28,034652 
    24,772333 
    15,167511 
    14,305969 
    14,220089 
    19,01234 
    14,44885 
    15,451745 
    13,882782 
    36,518926 
    14,966918 
    16,133137 
    14,531036 
    14,219959 
    15,4319 
    14,235369 
    19,795693 
    19,085971 
    14,34265 
    14,056547 
    15,320642 
    14,398683 
    28,207175 
    15,298548 
    14,217479 
    14,372748 
    14,56852 
    14,276231 
    14,262911 
    16,189372 
    46,120271 
    38,731136 
    14,388947 
    14,410041 
    14,256175 
    19,411959 
    14,509751 
    14,584389 
    16,202821 
    16,366315 
    17,439281 
    14,281895 
    15,001524 
    14,221558 
    14,53269 
    14,580305 
    19,106801 
    19,015024 
    14,835918 
    37,725299 
    14,283408 
    14,647102 
    15,49094 
    15,021022 
    15,132941 
    14,982388 
    25,947991 
    14,882104 
    15,153626 
    14,301707 
    14,482581 
    24,980044 
    14,358417 
    14,211041 
    24,276983 
    19,20805 
    15,714201 
    14,882583 
    15,448949 
    14,486153 
    16,750871 
    36,943465 
    14,081794 
    14,363719 
    14,322145 
    15,452444 
    19,262487 
    18,625114 
    14,321426 
    15,559866 
    14,211285 
    14,297229 
    14,327818 
    15,154981 
    13,895524 
    14,577348 
    24,08132 
    16,745141 
    15,460036 
    14,361704 
    15,022411 
    24,117787 
    16,481382 
    15,130577 
    26,891702 
    19,078158 
    14,455354 
    14,273481 
    14,183737 
    15,346365 
    14,595691 
    13,982973 
    15,373193 
    25,871022 
    15,085783 
    16,173739 
    19,746796 
    19,052785 
    14,297107 
    15,620984 
    24,308201 
    14,35816 
    14,478338 
    15,069548 
    15,557737 
    14,440565 
    14,887515 
    14,162369 
    27,61499 
    14,443211 
    14,297546 
    23,953308 
    15,033592 
    14,473112 
    14,279702 
    20,474392 
    14,892869 
    14,602224 
    14,1732 
    14,247335 
    16,138385 
    14,949095 
    14,260986 
    14,641676 
    14,096051 
    29,658022 
    19,197142 
    19,043929 
    14,239066 
    14,104836 
    15,092729 
    15,018898 
    26,826537 
    14,261574 
    15,675143 
    14,244291 
    14,753047 
    30,283733 
    35,520072 
    14,905208 
    14,354009 
    24,061643 
    14,443717 
    14,286156 
    15,286684 
    19,604494 
    15,175928 
    15,101841 
    14,022727 
    18,688884 
    17,531627 
    27,388837 
    31,917253 
    14,323331 
    14,822739 
    14,448592 
    19,221497 
    19,779884 
    15,117375 
    18,659287 
    14,387755 
    16,209427 
    14,808469 
    16,487899 
    25,371575 
    14,458494 
    14,333439 
    15,39015 
    15,343916 
    14,635439 
    16,150704 
    24,786298 
    14,061516 
    15,226504 
    14,854313 
    20,284478 
    25,276835 
    14,319064 
    14,189285 
    14,968725 
    14,996187 
    14,94542 
    14,289133 
    14,121081 
    14,692029 
    16,31084 
    20,156 
    19,01013 
    14,886584 
    15,206707 
    14,52221 
    14,414575 
    14,008611 
    15,686435 
    14,271541 
    15,041495 
    14,422323 
    29,786425 
    14,356966 
    15,502146 
    14,552158 
    36,975731 
    14,238969 
    14,310589 
    14,369418 
    19,120634 
    14,378825 
    14,050207 
    14,122384 
    14,500047 
    14,320826 
    14,174214 
    14,220392 
    14,574715 
    14,689711 
    14,315947 
    19,030463 
    19,010061 
    14,379943 
    14,345949 
    16,113697 
    14,351117 
    26,226739 
    15,955232 
    14,113791 
    15,972923 
    14,245115 
    14,910937 
    14,763094 
    14,457693 
    15,47042 
    24,158638 
    15,34784 
    14,864791 
    26,097611 
    19,218193 
    14,28791 
    14,608752 
    14,846791 
    14,396747 
    14,3828 
    14,186969 
    14,280596 
    15,234259 
    14,908176 
    14,579229 
    19,186483 
    20,092562 
    15,344813 
    14,231266 
    14,973657 
    15,036787 
    22,112742 
    14,671526 
    14,129362 
    14,295815 
    14,189427 
    16,196664 
    17,091188 
    14,360343 
    16,027643 
    46,948331 
    15,433507 
    15,207322 
    14,822148 
    19,331639 
    15,657656 
    14,08311 
    15,428286 
    14,960709 
    14,458845 
    46,282648 
    14,914052 
    38,795447 
    14,501589 
    14,190084 
    19,016355 
    19,262459 
    14,11707 
    14,426697 
    14,255058 
    14,577021 
    14,00862 
    14,291927 
    13,99278 
    14,610466 
    15,687505 
    13,890763 
    47,061099 
    26,325605 
    15,842017 
    53,412922 
    29,403509 
    14,259593 
    15,459767 
    19,082079 
    15,801622 
    14,269549 
    14,199238 
    14,552364 
    15,670232 
    15,977993 
    14,62187 
    15,210794 
    15,569851 
    14,357821 
    19,166858 
    19,01899 
    14,278868 
    14,193358 
    14,49996 
    14,607598 
    14,445178 
    15,030088 
    14,820171 
    14,388478 
    17,302695 
    14,250175 
    14,555002 
    14,653762 
    14,480626 
    24,234608 
    14,308854 
    14,489366 
    27,716496 
    18,968383 
    16,494363 
    15,379242 
    14,183441 
    14,084095 
    15,004285 
    47,912047 
    29,864356 
    15,156944 
    14,614889 
    15,083019 
    20,619887 
    19,192539 
    14,084555 
    14,457965 
    15,222666 
    14,343213 
    14,1866 
    14,418909 
    14,14586 
    14,786646 
    14,426314 
    17,589082 
    14,978968 
    14,310618 
    15,581317 
    28,656755 
    14,384687 
    16,230403 
    15,405523 
    19,248591 
    24,561218 
    14,274939 
    24,060918 
    14,279674 
    14,284788 
    15,000138 
    14,778862 
    15,346084 
    14,321965 
    17,144654 
    19,179134 
    19,124337 
    15,119187 
    14,64628 
    29,933701 
    14,661304 
    14,459015 
    15,666458 
    15,016813 
    15,068751 
    14,858052 
    14,73158 
    16,001666 
    14,646012 
    28,433058 
    43,447464 
    14,487936 
    15,343992 
    14,453869 
    19,254752 
    14,480545 
    15,116031 
    16,046486 
    14,458555 
    14,497913 
    14,905628 
    14,598292 
    14,393856 
    14,301699 
    14,590609 
    20,789154 
    19,480155 
    14,29695 
    14,238082 
    14,311321 
    15,205475 
    15,661933 
    14,410155 
    14,452274 
    14,779475 
    14,475581 
    25,639458 
    15,034293 
    15,169101 
    15,094984 
    26,396321 
    34,568372 
    24,603063 
    27,200289 
    19,176133 
    15,308832 
    14,290986 
    15,848227 
    15,336396 
    16,897586 
    14,941987 
    15,597745 
    28,908001 
    14,400345 
    14,307444 
    19,236418 
    19,137189 
    14,814782 
    15,650742 
    53,380527 
    14,463571 
    14,330879 
    14,378588 
    14,018603 
    16,576252 
    14,692317 
    29,25572 
    14,349583 
    16,05992 
    14,637577 
    27,961579 
    14,250444 
    15,26407 
    15,143704 
    19,084946 
    28,807537 
    16,623132 
    16,532048 
    14,117892 
    15,81352 
    14,870844 
    15,419224 
    14,382142 
    25,638559 
    14,483925 
    19,119104 
    18,964236 
    14,223876 
    31,121798 
    14,523976 
    17,020946 
    14,336789 
    14,384183 
    14,081499 
    14,349568 
    14,357941 
    14,514812 
    14,978905 
    15,336677 
    14,282395 
    28,322043 
    16,256825 
    14,170123 
    15,540393 
    19,927603 
    14,731818 
    14,355202 
    16,083217 
    14,186512 
    14,372726 
    15,195687 
    15,437748 
    16,214598 
    14,506486 
    15,880873 
    19,471014 
    19,333777 
    15,519515 
    14,455371 
    14,546914 
    14,5685 
    16,050722 
    14,590861 
    13,854048 
    14,667688 
    14,169261 
    14,071881 
    14,559652 
    14,332645 
    14,300218 
    24,528321 
    14,045821 
    15,110339 
    15,266834 
    19,042849 
    27,030761 
    14,427616 
    14,114044 
    14,549869 
    14,328633 
    24,180603 
    15,381389 
    14,315795 
    15,397907 
    26,92166 
    20,064342 
    19,174878 
    29,838728 
    15,347306 
    13,864717 
    16,886114 
    14,575139 
    17,455023 
    14,102128 
    23,711046 
    15,214253 
    15,243808 
    31,987054 
    29,580145 
    14,967615 
    28,298217 
    14,243469 
    14,878695 
    15,642065 
    19,209401 
    14,804734 
    17,688098 
    14,382234 
    14,697051 
    14,357824 
    14,085941 
    15,727361 
    14,220009 
    15,48071 
    28,678472 
    19,27967 
    19,155378 
    15,006623 
    14,334731 
    14,324481 
    14,309187 
    14,304131 
    25,118722 
    30,197316 
    14,365605 
    14,240691 
    15,319443 
    14,77622 
    14,259825 
    15,01924 
    27,132695 
    14,357523 
    14,445895 
    14,136925 
    19,197774 
    15,995046 
    15,377871 
    14,440952 
    15,207706 
    14,616246 
    35,479095 
    14,191837 
    16,495458 
    18,609573 
    14,411806 
    19,187035 
    18,981223 
    15,147307 
    14,243684 
    14,73715 
    25,760496 
    17,557425 
    16,842472 
    14,813749 
    14,461074 
    24,352995 
    15,602818 
    15,569481 
    14,274946 
    15,485237 
    25,197043 
    26,046222 
    14,798507 
    15,133606 
    18,981236 
    15,865177 
    15,176481 
    14,086905 
    14,751291 
    15,052916 
    14,343333 
    14,454862 
    14,238647 
    14,872588 
    16,686274 
    18,925904 
    20,214073 
    14,592373 
    37,879913 
    15,743653 
    27,053885 
    16,450438 
    14,800078 
    14,778063 
    15,936408 
    15,283181 
    15,634096 
    14,33644 
    15,293033 
    15,595317 
    29,544032 
    14,140046 
    14,934498 
    14,426432 
    19,285268 
    14,667304 
    14,78318 
    14,103708 
    14,268854 
    14,319725 
    13,874347 
    15,17176 
    14,258673 
    14,34459 
    14,336813 
    19,338205 
    19,574158 
    16,667984 
    15,293352 
    15,88395 
    44,399574 
    14,512273 
    14,072486 
    14,103974 
    14,415387 
    15,435956 
    14,210235 
    14,407479 
    14,382488 
    15,364987 
    26,710852 
    15,98728 
    14,104855 
    28,816466 
    19,135342 
    15,229005 
    15,085498 
    14,769579 
    14,515395 
    14,569435 
    16,70398 
    14,307965 
    15,124123 
    14,170243 
    14,298678 
    19,451426 
    20,086622 
    14,191261 
    15,973679 
    27,493717 
    14,501957 
    14,739497 
    16,306946 
    14,084444 
    15,187847 
    14,425153 
    14,10899 
    14,299486 
    14,413408 
    15,158931 
    26,461011 
    14,36898 
    14,874865 
    15,138956 
    19,178431 
    14,956213 
    14,336111 
    37,391651 
    15,157107 
    16,484355 
    17,30207 
    14,378701 
    16,865605 
    16,994969 
    14,140982 
    20,546016 
    18,944155 
    14,748325 
    15,534162 
    14,784826 
    14,652184 
    14,206747 
    14,239118 
    19,176738 
    13,851007 
    14,240619 
    15,113372 
    15,005729 
    15,80761 
    17,322203 
    25,404525 
    15,125186 
    15,113081 
    14,032098 
    19,285376 
    15,261265 
    14,108466 
    14,350308 
    14,386347 
    14,176697 
    14,155702 
    15,17076 
    15,088274 
    15,170628 
    14,961055 
    18,868559 
    18,865865 
    14,165109 
    16,442456 
    14,695924 
    14,105296 
    14,318724 
    16,001718 
    14,505704 
    15,528329 
    15,084883 
    26,175431 
    14,172878 
    18,340711 
    41,24158 
    25,691006 
    14,268848 
    14,86198 
    15,090161 
    19,109169 
    14,354607 
    14,347406 
    14,060264 
    14,335009 
    15,690806 
    14,760077 
    15,158441 
    15,689906 
    15,16306 
    14,154066 
    19,126884 
    18,903312 
    14,351037 
    14,528586 
    14,239096 
    15,985047 
    15,076131 
    15,673232 
    14,874821 
    14,429059 
    14,858447 
    15,190084 
    26,751161 
    26,540848 
    14,36019 
    25,602185 
    16,283161 
    14,863799 
    15,039839 
    19,486704 
    14,759813 
    16,926453 
    16,033966 
    16,329129 
    14,43667 
    14,975115 
    16,003698 
    14,080972 
    14,925232 
    15,243041 
    19,36094 
    20,532405 
    16,668811 
    15,272174 
    14,299581 
    15,190701 
    15,670616 
    16,179093 
    14,953199 
    15,306822 
    14,089421 
    14,731661 
    14,138426 
    14,321403 
    14,18001 
    27,247008 
    30,507139 
    14,473747 
    17,657014 
    18,767997 
    14,321212 
    16,753599 
    14,803033 
    15,161747 
    40,940422 
    14,941691 
    14,301639 
    14,297117 
    14,130996 
    14,250617 
    19,027567 
    18,869382 
    45,406399 
    15,639445 
    15,418109 
    14,394649 
    14,450528 
    18,114287 
    14,422205 
    14,253821 
    14,918439 
    14,857962 
    14,15953 
    14,214669 
    14,504903 
    27,374706 
    15,582762 
    14,06242 
    14,286953 
    19,273543 
    27,46397 
    14,409172 
    15,091104 
    14,609286 
    14,48897 
    27,165718 
    15,039114 
    14,337726 
    18,328273 
    13,882718 
    19,23346 
    19,30678 
    15,050375 
    14,275753 
    14,357705 
    15,252982 
    15,752845 
    14,29364 
    14,334489 
    15,385518 
    14,558377 
    14,650969 
    14,28707 
    15,416733 
    15,083979 
    27,2303 
    14,201308 
    14,170217 
    14,811746 
    19,241634 
    14,478767 
    15,208807 
    15,281042 
    14,881786 
    15,518205 
    15,111333 
    14,294273 
    14,449269 
    14,435535 
    14,643128 
    19,066183 
    19,093818 
    15,77049 
    14,529924 
    31,611294 
    14,467441 
    14,549002 
    14,935476 
    31,966715 
    15,360043 
    14,700781 
    15,079267 
    14,190905 
    14,379535 
    25,965639 
    51,285091 
    14,489415 
    14,021954 
    14,327984 
    19,184559 
    14,333122 
    14,625535 
    16,301294 
    14,499511 
    33,635965 
    15,677184 
    18,574247 
    17,829021 
    15,178585 
    14,482896 
    19,257237 
    19,047986 
    30,936235 
    14,59527 
    14,346202 
    14,471644 
    15,42107 
    14,585642 
    28,220958 
    14,300068 
    49,549922 
    15,600912 
    14,742187 
    25,483508 
    28,937605 
    24,544399 
    14,206378 
    14,987321 
    14,913656 
    19,421761 
    19,027461 
    14,373389 
    16,660692 
    14,625611 
    14,059412 
    14,963349 
    14,56548 
    14,281873 
    14,971077 
    15,80803 
    19,12967 
    19,335367 
    14,331447 
    24,130082 
    14,406555 
    14,621618 
    14,390022 
    25,611416 
    14,207662 
    14,312776 
    15,276825 
    16,78924 
    15,307798 
    14,472127 
    14,967261 
    27,736954 
    14,370515 
    14,521027 
    14,202522 
    19,140303 
    15,252956 
    14,135552 
    15,273093 
    15,385733 
    14,297544 
    14,801204 
    14,794809 
    15,362244 
    14,198851 
    24,944715 
    19,042918 
    19,951041 
    14,089496 
    14,94281 
    15,021135 
    15,053405 
    23,67104 
    15,495837 
    14,08751 
    15,491839 
    15,250789 
    17,429241 
    14,693093 
    16,094455 
    14,127513 
    27,371698 
    37,414105 
    13,984932 
    14,336188 
    19,170175 
    16,242628 
    14,454392 
    14,845526 
    14,252937 
    14,290615 
    16,100663 
    14,522035 
    15,040273 
    34,476983 
    15,667795 
    19,923642 
    19,012658 
    27,989399 
    14,20714 
    14,192452 
    15,211657 
    14,264584 
    14,242458 
    14,137576 
    15,398842 
    18,626262 
    14,814675 
    14,175111 
    14,385145 
    16,432306 
    27,508643 
    15,386794 
    14,450743 
    27,659287 
    19,114034 
    15,138596 
    14,31678 
    14,117631 
    14,380784 
    16,060766 
    15,003965 
    14,592726 
    14,41198 
    16,49297 
    14,275057 
    19,18815 
    19,989877 
    14,27489 
    14,388986 
    32,35192 
    14,320135 
    14,390611 
    16,226595 
    33,330424 
    14,752174 
    14,370423 
    15,072546 
    15,880551 
    14,374909 
    14,402918 
    25,128344 
    14,261899 
    16,351204 
    26,162994 
    19,50321 
    14,53131 
    15,239614 
    15,743099 
    14,349678 
    14,235147 
    14,998692 
    15,09104 
    14,356951 
    14,535482 
    14,256718 
    20,546519 
    19,287759 
    14,694585 
    15,425547 
    14,22135 
    28,32802 
    15,172635 
    14,31665 
    14,863904 
    14,214544 
    14,42503 
    15,406681 
    14,397028 
    14,050609 
    14,239818 
    26,817258 
    23,143224 
    21,326973 
    15,251 
    19,189129 
    14,190311 
    14,186733 
    15,152208 
    14,562351 
    16,291966 
    16,887008 
    14,648592 
    17,589229 
    14,916408 
    14,400865 
    20,072927 
    19,221401 
    16,49529 
    15,199353 
    14,986633 
    39,917349 
    14,743265 
    14,228801 
    14,14698 
    45,839041 
    14,294406 
    14,947516 
    14,359566 
    14,931177 
    14,40576 
    26,424302 
    14,928453 
    14,856082 
    14,161207 
    19,181667 
    16,018232 
    14,439391 
    16,541236 
    18,562752 
    14,281265 
    15,082414 
    14,330899 
    14,246093 
    14,276152 
    14,460608 
    19,131408 
    20,262745 
    15,105016 
    17,780836 
    14,402136 
    14,17213 
    14,203836 
    14,763445 
    14,939009 
    14,727293 
    14,978215 
    15,206328 
    14,447455 
    14,397638 
    28,476995 
    26,508823 
    15,361002 
    14,190818 
    14,28955 
    18,827958 
    14,358745 
    14,277371 
    14,05505 
    16,184634 
    14,871694 
    15,132383 
    14,802169 
    44,645553 
    15,115376 
    14,131606 
    19,105811 
    19,135408 
    14,400565 
    14,352665 
    14,559053 
    14,335285 
    14,546321 
    15,307371 
    14,444706 
    14,161357 
    14,222167 
    15,99425 
    30,756844 
    14,494386 
    14,333732 
    33,315441 
    13,963274 
    15,17283 
    14,488918 
    19,106944 
    16,149705 
    15,489543 
    14,591657 
    14,370148 
    14,393175 
    14,137524 
    16,599286 
    15,040054 
    14,450165 
    14,315761 
    18,994477 
    19,132575 
    14,180768 
    15,692462 
    14,248072 
    14,403977 
    14,223259 
    14,686817 
    26,09879 
    14,306451 
    14,514188 
    15,192618 
    17,027651 
    14,355964 
    14,47822 
    35,832096 
    14,337505 
    14,152018 
    14,886062 
    19,236475 
    14,653641 
    14,376566 
    14,992779 
    14,108129 
    14,261858 
    15,470036 
    15,161686 
    14,951634 
    14,218911 
    14,74797 
    19,594577 
    19,32718 
    15,103125 
    49,008831 
    16,918015 
    14,953484 
    14,303109 
    14,198191 
    14,774991 
    15,672204 
    14,532105 
    14,178081 
    14,192144 
    15,029689 
    14,207966 
    34,22119 
    14,93769 
    14,337926 
    14,404511 
    19,329886 
    14,250118 
    14,386101 
    14,223762 
    23,384958 
    14,964514 
    14,874592 
    14,339179 
    33,31629 
    14,480305 
    14,647712 
    19,26965 
    19,870766 
    14,374539 
    14,018863 
    14,294441 
    14,231582 
    17,181572 
    15,153652 
    25,157305 
    14,389897 
    14,852056 
    16,230024 
    15,140567 
    14,640694 
    15,168035 
    28,260006 
    14,225159 
    14,646859 
    14,15143 
    18,909782 
    14,449337 
    16,792088 
    14,622044 
    14,136242 
    14,95949 
    14,209462 
    15,1096 
    14,502285 
    18,404968 
    14,62322 
    19,247455 
    19,136775 
    42,719686 
    14,29148 
    15,316809 
    14,645955 
    17,276056 
    14,278755 
    13,942081 
    15,241022 
    14,648984 
    14,19483 
    14,403713 
    14,562993 
    14,35856 
    26,806811 
    14,450613 
    14,284101 
    14,803532 
    20,299627 
    16,122358 
    24,227049 
    14,094115 
    14,856733 
    15,110416 
    14,844633 
    14,591009 
    14,408176 
    14,324399 
    14,294392 
    19,892065 
    19,243938 
    14,383164 
    15,1659 
    14,377178 
    14,220023 
    15,0204 
    14,491575 
    14,199726 
    15,407396 
    16,703735 
    15,128641 
    14,635855 
    14,232761 
    14,458113 
    26,920036 
    14,247899 
    15,007679 
    16,263151 
    19,395871 
    17,803429 
    14,684762 
    14,116408 
    15,146679 
    14,666626 
    14,083064 
    16,585262 
    14,452983 
    16,38922 
    15,374627 
    19,154154 
    19,03999 
    14,160596 
    14,21057 
    14,375581 
    15,702417 
    14,601842 
    14,447087 
    14,840258 
    14,482513 
    28,822725 
    24,443048 
    14,438926 
    16,483813 
    14,459036 
    24,716126 
    14,395798 
    14,372859 
    15,90042 
    20,742969 
    14,371862 
    14,294465 
    14,128846 
    15,208143 
    16,464297 
    15,409272 
    14,281468 
    15,173693 
    14,206221 
    16,467646 
    19,129025 
    19,357215 
    14,883586 
    14,321287 
    15,371071 
    14,349777 
    14,308354 
    16,632626 
    43,939279 
    14,302028 
    46,769503 
    14,080644 
    14,458307 
    14,204074 
    15,168112 
    27,663081 
    14,421539 
    15,202889 
    14,243943 
    18,950057 
    16,582868 
    14,091593 
    14,247715 
    14,322654 
    15,946495 
    14,06157 
    14,661867 
    14,93603 
    15,283377 
    16,52525 
    19,922555 
    19,037048 
    14,256716 
    25,526558 
    14,098262 
    14,326449 
    14,139369 
    13,927986 
    16,663683 
    14,314266 
    18,170167 
    17,182434 
    14,993647 
    18,754893 
    14,324527 
    24,823897 
    14,335807 
    15,453274 
    14,305311 
    19,359335 
    14,322567 
    15,226567 
    26,282547 
    16,13599 
    16,244229 
    14,973309 
    14,982548 
    14,390002 
    17,415878 
    14,202418 
    19,038746 
    20,158251 
    28,797594 
    25,862459 
    14,618285 
    14,871865 
    14,417687 
    14,358513 
    14,697607 
    14,605029 
    14,919493 
    14,156727 
    14,312342 
    35,050692 
    15,120637 
    25,75944 
    14,293484 
    15,378866 
    16,372225 
    19,312994 
    15,286406 
    14,46006 
    16,855639 
    16,971477 
    14,307349 
    14,857192 
    14,312295 
    15,659338 
    15,095249 
    14,332162 
    19,280755 
    19,200832 
    14,381049 
    14,299248 
    14,245447 
    15,464099 
    15,654761 
    14,108852 
    41,243962 
    14,324257 
    36,106584 
    14,158822 
    14,164676 
    14,769862 
    14,573235 
    26,957721 
    14,526513 
    14,593102 
    14,305961 
    19,113002 
    14,233128 
    31,857396 
    14,733428 
    15,083242 
    14,208783 
    14,259393 
    27,20797 
    14,387502 
    14,251997 
    14,706178 
    19,274621 
    19,300659 
    14,28039 
    14,230081 
    15,440704 
    16,505366 
    14,338751 
    15,785545 
    15,282398 
    14,323113 
    15,651278 
    14,159514 
    15,36167 
    14,075817 
    14,194084 
    29,693712 
    14,32958 
    14,336706 
    14,717788 
    19,814948 
    14,097461 
    29,731501 
    14,451645 
    14,296966 
    14,308159 
    15,188476 
    14,382327 
    14,497906 
    15,0914 
    14,128428 
    19,255815 
    19,193417 
    15,765281 
    14,351901 
    14,277843 
    14,557632 
    14,330141 
    14,238619 
    14,952217 
    26,980335 
    31,443166 
    14,212976 
    14,985208 
    14,204002 
    14,30416 
    27,395686 
    15,172641 
    14,362232 
    15,735548 
    18,950547 
    14,764431 
    45,906614 
    14,942085 
    14,096023 
    14,310229 
    14,052755 
    14,263114 
    15,191167 
    14,401542 
    14,08683 
    19,32481 
    20,063188 
    14,254963 
    15,048022 
    17,331234 
    14,498813 
    15,081265 
    14,480484 
    16,588806 
    14,403289 
    15,781418 
    14,322367 
    14,464279 
    13,838266 
    14,855372 
    36,756462 
    24,085947 
    14,297338 
    14,400278 
    19,386315 
    17,340828 
    14,350075 
    36,554874 
    15,070749 
    20,512266 
    16,622231 
    15,46951 
    14,66416 
    14,415343 
    14,272006 
    19,36559 
    19,267783 
    14,728704 
    14,38707 
    14,475491 
    14,675946 
    14,551782 
    14,969842 
    14,305437 
    14,168849 
    14,560431 
    16,347175 
    15,086332 
    15,086171 
    16,142413 
    43,780418 
    17,756163 
    14,49568 
    15,210192 
    19,269289 
    14,303777 
    14,376294 
    15,007952 
    14,318393 
    14,766331 
    14,377314 
    14,326454 
    14,622555 
    30,110151 
    14,619638 
    20,569148 
    18,776958 
    15,099801 
    14,356589 
    14,371629 
    14,284939 
    14,353009 
    14,324908 
    15,004114 
    14,285513 
    14,391391 
    14,458824 
    15,541271 
    14,435889 
    18,704073 
    57,660834 
    14,462636 
    14,428653 
    14,256279 
    19,454668 
    14,317344 
    18,792386 
    13,98588 
    15,112054 
    14,285423 
    15,741216 
    14,282172 
    14,39276 
    14,398 
    14,532345 
    20,108904 
    18,924992 
    14,205459 
    14,260886 
    14,550956 
    15,368187 
    14,660766 
    14,002329 
    15,149363 
    15,158613 
    14,628549 
    42,347779 
    14,525776 
    15,391426 
    14,136426 
    26,484618 
    14,468072 
    14,234541 
    14,374546 
    19,343413 
    15,018802 
    15,082765 
    13,822757 
    14,34505 
    15,567279 
    14,867905 
    14,445809 
    32,145407 
    29,720768 
    15,131575 
    19,235354 
    19,502004 
    15,081139 
    17,848734 
    14,243833 
    15,041954 
    14,338902 
    14,306655 
    25,969763 
    14,191701 
    15,262282 
    14,085902 
    15,864573 
    16,489043 
    15,057803 
    25,096705 
    15,841986 
    14,069498 
    14,622184 
    20,036954 
    14,183924 
    46,609515 
    14,889932 
    14,44153 
    14,308939 
    14,222271 
    31,350408 
    14,542292 
    14,128896 
    14,921714 
    18,882885 
    18,779395 
    14,205678 
    14,259152 
    15,400614 
    14,301148 
    14,379082 
    15,111767 
    14,081241 
    15,439666 
    14,381227 
    16,167867 
    14,52425 
    14,385354 
    16,458009 
    38,435685 
    14,804386 
    14,050323 
    14,392098 
    19,991186 
    14,34605 
    14,19963 
    14,112629 
    15,185313 
    15,032322 
    25,974441 
    14,194997 
    13,839674 
    14,292195 
    14,362976 
    19,260843 
    18,852338 
    14,367139 
    14,169518 
    28,877608 
    14,941018 
    14,239094 
    16,242283 
    15,984385 
    14,542696 
    14,317342 
    27,980838 
    15,198248 
    14,406548 
    14,213134 
    29,355333 
    14,441877 
    14,402487 
    38,895157 
    19,261797 
    15,121275 
    16,691016 
    16,988036 
    15,910924 
    14,92956 
    14,25189 
    29,664519 
    14,301611 
    14,081166 
    14,300083 
    19,020969 
    18,794225 
    14,326581 
    14,396944 
    36,743389 
    14,065507 
    14,350648 
    14,326221 
    14,223272 
    14,348702 
    15,647124 
    14,821707 
    37,231303 
    16,713638 
    14,018187 
    59,414616 
    14,26694 
    14,268243 
    16,12437 
    19,841853 
    14,430288 
    15,269467 
    14,075496 
    14,471924 
    14,659975 
    14,585403 
    14,175576 
    14,371977 
    24,906543 
    14,16103 
    19,414979 
    19,260765 
    15,694445 
    14,705095 
    14,35361 
    14,345513 
    14,292243 
    15,715242 
    27,335175 
    14,359933 
    14,224664 
    26,323148 
    14,313425 
    14,330804 
    16,56348 
    27,433252 
    14,048257 
    14,253468 
    15,644992 
    19,02434 
    14,484952 
    14,085333 
    15,028928 
    14,266376 
    14,490971 
    14,123679 
    14,581788 
    14,32024 
    14,393266 
    15,259686 
    20,195619 
    19,260139 
    14,660873 
    15,963351 
    14,403114 
    14,984747 
    15,303904 
    29,751837 
    14,365603 
    14,446222 
    14,279682 
    42,257262 
    15,09298 
    14,693861 
    14,538773 
    28,673311 
    14,328095 
    14,160297 
    15,563974 
    18,997926 
    44,652617 
    14,437083 
    15,288305 
    14,374826 
    14,144002 
    14,553931 
    14,546203 
    14,561113 
    14,214425 
    14,285871 
    19,399621 
    18,966527 
    15,288232 
    14,396776 
    14,473713 
    16,354717 
    16,865957 
    15,024732 
    16,068699 
    14,403891 
    15,327492 
    15,259121 
    15,261229 
    14,298654 
    14,826008 
    27,065214 
    14,399267 
    14,443206 
    14,62364 
    19,450499 
    14,993025 
    14,237253 
    14,901007 
    22,512841 
    18,090967 
    14,153377 
    14,29315 
    14,434227 
    14,164019 
    14,443225 
    19,289499 
    19,08653 
    14,212375 
    28,912594 
    15,65759 
    14,637273 
    14,090113 
    29,452543 
    14,346115 
    14,143623 
    13,964697 
    14,132805 
    14,268257 
    16,138373 
    13,914951 
    26,089833 
    14,395368 
    15,497559 
    14,369135 
    19,064604 
    25,471499 
    15,470291 
    14,029571 
    15,285057 
    15,210157 
    14,943501 
    14,557257 
    15,203741 
    14,316388 
    14,240871 
    19,207116 
    19,355064 
    14,192134 
    15,873674 
    15,474462 
    14,454855 
    14,400497 
    15,375731 
    14,075341 
    14,253881 
    16,611434 
    15,007277 
    14,991815 
    14,583239 
    14,462735 
    32,090214 
    14,348368 
    14,256484 
    14,855955 
    19,151462 
    15,369073 
    14,417804 
    18,018369 
    14,012138 
    14,273213 
    15,425992 
    16,969879 
    16,538087 
    14,181564 
    15,899899 
    20,031909 
    19,062009 
    16,210845 
    14,237596 
    14,472389 
    14,615499 
    14,974661 
    14,047186 
    14,94645 
    14,22535 
    15,652804 
    14,175229 
    14,473167 
    14,222394 
    15,234838 
    26,819548 
    14,381058 
    16,80429 
    14,011497 
    19,517115 
    14,600592 
    14,786351 
    14,039321 
    14,261934 
    15,104107 
    14,532215 
    14,281461 
    17,735915 
    14,239802 
    15,348256 
    19,242899 
    19,363573 
    15,174012 
    14,569117 
    29,645477 
    14,346019 
    15,570583 
    15,317766 
    14,588259 
    14,130107 
    14,28925 
    14,082201 
    49,37402 
    16,081434 
    14,226707 
    36,759297 
    14,370294 
    17,877069 
    15,140533 
    19,145393 
    14,250982 
    14,195859 
    14,086396 
    18,391627 
    14,370423 
    14,245937 
    14,517626 
    14,385409 
    25,468823 
    14,946701 
    19,377992 
    19,779217 
    16,345758 
    15,600622 
    14,684791 
    14,816361 
    16,171729 
    14,249467 
    14,882451 
    14,40628 
    14,143507 
    14,872279 
    14,333593 
    15,306905 
    14,478938 
    27,77508 
    14,035644 
    15,519158 
    14,514491 
    19,67277 
    14,669974 
    14,203535 
    14,186287 
    15,325799 
    14,568061 
    14,13477 
    14,925561 
    14,551165 
    14,558857 
    14,441076 
    19,223261 
    19,220169 
    14,271809 
    14,555989 
    14,615349 
    14,945432 
    14,380589 
    14,508662 
    14,221958 
    14,986522 
    14,212327 
    15,261167 
    15,288537 
    14,806887 
    14,221619 
    28,612514 
    14,947696 
    49,512305 
    14,405556 
    19,203115 
    15,887738 
    32,216394 
    14,115619 
    15,917531 
    13,927238 
    15,928541 
    18,308758 
    14,443716 
    14,298735 
    15,304334 
    19,13532 
    19,440838 
    14,502602 
    14,257475 
    14,614043 
    14,572415 
    16,107281 
    16,752119 
    30,895596 
    14,40233 
    14,461882 
    17,630555 
    15,122253 
    15,853485 
    14,1567 
    30,407649 
    14,383797 
    14,332398 
    14,364973 
    19,117743 
    14,355986 
    15,052962 
    14,818886 
    14,767783 
    14,248186 
    14,88369 
    14,452116 
    15,23509 
    14,847065 
    14,294037 
    19,280574 
    19,388008 
    14,308034 
    14,195094 
    14,418438 
    14,354987 
    14,989194 
    14,503362 
    14,908488 
    14,516614 
    14,592893 
    15,245478 
    14,582958 
    14,783452 
    14,64032 
    58,391367 
    15,531362 
    14,522012 
    15,281684 
    19,37064 
    14,430487 
    14,422702 
    16,593927 
    14,698706 
    14,399961 
    14,812799 
    14,707787 
    14,332587 
    14,928263 
    14,768195 
    20,036169 
    19,488876 
    14,484899 
    14,376706 
    14,329769 
    14,493364 
    31,358572 
    14,994261 
    14,167176 
    14,96929 
    14,529252 
    14,202593 
    14,561856 
    32,353284 
    14,022501 
    38,679229 
    14,388192 
    14,966589 
    15,262104 
    19,009693 
    14,336794 
    14,99008 
    14,175018 
    16,274677 
    14,216684 
    14,134054 
    14,38792 
    14,544033 
    14,309366 
    14,062364 
    19,200147 
    19,098526 
    16,401537 
    15,252682 
    14,498963 
    15,311606 
    14,450485 
    16,469841 
    14,899651 
    15,214674 
    18,017622 
    15,884136 
    14,305483 
    15,337988 
    14,216932 
    28,007731 
    14,829285 
    14,392357 
    14,501644 
    19,301607 
    14,553917 
    14,35422 
    14,770033 
    14,292733 
    14,979161 
    13,84729 
    14,811726 
    14,082767 
    15,358285 
    14,372007 
    19,67877 
    21,164585 
    15,238463 
    15,057895 
    25,893012 
    14,248986 
    14,357651 
    15,507035 
    14,958609 
    14,301834 
    14,286775 
    14,219337 
    15,29839 
    14,193184 
    16,499177 
    27,275849 
    15,144129 
    14,394505 
    14,670567 
    19,1008 
    14,417909 
    15,142632 
    14,238147 
    14,342657 
    14,18907 
    14,203265 
    14,420498 
    14,481038 
    14,67176 
    15,021285 
    19,130616 
    20,167227 
    15,223734 
    14,288413 
    13,88515 
    14,292287 
    16,716997 
    15,88543 
    15,274008 
    14,182928 
    14,290436 
    14,380103 
    14,547686 
    14,575138 
    14,530428 
    26,315136 
    14,96028 
    14,239183 
    14,556902 
    19,1887 
    15,239177 
    14,529372 
    13,92918 
    14,21371 
    23,030328 
    15,101676 
    14,323987 
    14,219703 
    14,251886 
    16,392476 
    20,000453 
    18,972059 
    14,633137 
    15,395768 
    15,579471 
    14,07516 
    14,312367 
    16,071042 
    15,727901 
    15,278728 
    14,523883 
    15,682262 
    14,488478 
    14,953808 
    14,481794 
    25,125117 
    14,057545 
    14,472493 
    15,157565 
    19,239108 
    14,651952 
    14,252079 
    14,801194 
    14,268503 
    16,08559 
    14,098469 
    15,085433 
    14,329096 
    14,27248 
    15,006665 
    19,244825 
    19,403157 
    15,420365 
    14,324883 
    14,555516 
    14,668524 
    14,33555 
    14,352343 
    14,189411 
    14,303589 
    14,847371 
    14,265329 
    14,427227 
    14,99331 
    14,358763 
    37,780463 
    15,093092 
    14,400712 
    14,397943 
    19,9002 
    14,192621 
    14,469671 
    14,71827 
    15,6617 
    14,333025 
    15,291228 
    14,485088 
    14,094718 
    15,103502 
    14,974591 
    19,101743 
    19,293087 
    14,079135 
    14,625625 
    15,603905 
    15,319577 
    14,231331 
    14,194696 
    15,364554 
    15,082443 
    14,474099 
    16,498509 
    14,384414 
    15,2263 
    15,320041 
    25,823956 
    15,123758 
    14,34412 
    14,475897 
    19,0971 
    14,279149 
    17,664699 
    13,972189 
    14,194713 
    14,272893 
    15,195011 
    15,144598 
    14,879188 
    14,332989 
    15,116529 
    19,480092 
    20,398194 
    15,038114 
    14,449252 
    14,218819 
    14,466348 
    15,707924 
    14,950312 
    14,154824 
    14,286729 
    14,380234 
    14,259226 
    14,440064 
    15,399461 
    13,914994 
    40,244975 
    14,970017 
    14,968696 
    17,421186 
    19,927792 
    14,35861 
    14,354747 
    14,278296 
    14,341348 
    14,994679 
    14,920861 
    14,518987 
    14,561739 
    14,096088 
    14,319965 
    19,225151 
    19,15971 
    14,38653 
    14,272438 
    14,228284 
    13,986585 
    14,399681 
    14,517199 
    14,469063 
    15,302867 
    22,556455 
    14,871548 
    15,199961 
    14,153829 
    15,596116 
    41,440957 
    14,431175 
    15,343924 
    14,177691 
    19,129294 
    14,951936 
    14,607152 
    15,303065 
    15,696474 
    14,344353 
    15,170782 
    14,643434 
    14,623192 
    14,610324 
    14,918967 
    19,142725 
    19,305629 
    17,630837 
    15,148012 
    14,175443 
    15,65066 
    14,31107 
    14,877446 
    14,121928 
    14,284026 
    14,418046 
    16,443212 
    14,307058 
    14,303049 
    14,2642 
    32,956847 
    14,4328 
    14,239796 
    14,323522 
    19,252285 
    14,171677 
    14,242678 
    14,382788 
    14,41347 
    14,462055 
    13,992428 
    14,465797 
    16,884157 
    15,071487 
    14,470916 
    19,286835 
    19,875853 
    14,703977 
    15,009612 
    15,031979 
    15,311641 
    14,730325 
    15,038829 
    14,938339 
    16,061602 
    14,636158 
    14,508597 
    14,443541 
    14,939119 
    14,468755 
    28,763584 
    15,659955 
    14,276623 
    14,147349 
    20,50173 
    14,040376 
    14,498384 
    27,004745 
    14,439599 
    14,738588 
    16,859434 
    15,181288 
    13,993287 
    14,216665 
    14,504651 
    19,342732 
    19,311305 
    15,290082 
    14,421899 
    14,268546 
    14,464404 
    15,120159 
    14,087148 
    14,140472 
    15,485979 
    14,904509 
    14,769246 
    14,040251 
    14,198935 
    14,533624 
    37,453084 
    14,631712 
    14,201523 
    15,032972 
    19,125277 
    14,288867 
    14,537089 
    14,221925 
    14,133256 
    14,632227 
    43,696201 
    14,234061 
    14,47945 
    15,046781 
    14,795559 
    19,251108 
    20,619236 
    15,486965 
    14,376409 
    14,341754 
    14,316704 
    14,22676 
    16,0261 
    14,037122 
    14,926042 
    16,083126 
    14,079799 
    14,287078 
    14,370121 
    14,440877 
    30,119415 
    14,369856 
    16,016914 
    15,097834 
    19,081529 
    15,293694 
    15,365558 
    14,89002 
    14,287483 
    14,726103 
    14,0319 
    14,589038 
    18,333672 
    14,216699 
    14,212012 
    19,071967 
    20,059496 
    14,25874 
    14,281838 
    14,375207 
    15,062691 
    14,330148 
    14,266852 
    15,408643 
    15,299769 
    14,373988 
    14,123475 
    14,304573 
    14,116185 
    14,328235 
 node-slug: 
 node-stream-spigot: 
33,957586 
32,603734 
32,950381 
35,129714 
33,621094 
33,256984 
33,114981 
33,867475 
33,778998 
34,039188 
33,334722 
33,516044 
34,120473 
33,368409 
33,274476 
33,492034 
33,61371 
33,298649 
34,146667 
33,012722 
32,961351 
33,402851 
32,958949 
32,992006 
34,597282 
32,946832 
34,016834 
32,633168 
34,304318 
34,06951 
33,148634 
34,34877 
32,798875 
33,41448 
34,389885 
33,069773 
39,333182 
34,16843 
33,947825 
33,895561 
34,188126 
32,982438 
33,511368 
33,479915 
33,262186 
33,087712 
35,133059 
33,565569 
34,496389 
33,258168 
34,154829 
34,199897 
33,945159 
33,04054 
33,92277 
35,242245 
32,902967 
33,610894 
32,93704 
32,73147 
34,670113 
32,805088 
34,216407 
34,159616 
33,548071 
33,321312 
33,354226 
33,336509 
34,020807 
33,966628 
33,688445 
34,327379 
34,049559 
39,722587 
33,66632 
33,537188 
33,047425 
33,066614 
34,0876 
33,848494 
32,829613 
34,693195 
33,270878 
33,84032 
34,072254 
33,391815 
34,210109 
34,274739 
34,336533 
33,213072 
38,951833 
34,371208 
32,754512 
33,711293 
34,115364 
33,465826 
33,721888 
33,827722 
35,630921 
34,659393 
34,670751 
 normalize-pkg: 
242,312965 
247,478943 
241,307192 
219,832341 
250,027802 
239,836503 
261,221064 
243,642247 
256,926413 
241,013399 
232,485508 
260,467362 
253,15149 
243,751536 
248,428016 
257,771452 
245,135328 
237,228462 
250,663292 
242,679149 
248,299684 
228,411727 
241,572737 
245,465322 
236,346463 
242,678152 
233,396414 
244,289884 
249,596777 
249,931915 
240,167911 
234,541253 
243,751325 
243,641237 
247,757855 
242,553277 
241,695745 
239,911252 
242,366542 
241,74639 
237,776366 
241,613374 
253,227889 
249,933052 
245,669857 
246,350063 
241,575503 
244,893799 
240,07961 
234,242561 
230,734756 
232,284095 
237,562125 
242,983742 
230,042833 
243,987656 
243,428596 
238,526507 
243,019313 
230,470447 
252,461795 
242,691489 
239,929666 
246,958987 
264,680943 
244,24647 
264,686312 
251,405873 
247,674992 
244,087689 
252,814125 
253,31661 
233,691713 
249,227979 
252,774808 
247,38436 
240,008967 
247,546204 
247,454677 
253,198166 
241,807158 
250,135907 
259,582434 
248,397525 
239,668357 
241,360544 
242,729539 
244,709675 
243,327981 
237,219786 
246,001848 
259,445824 
233,529856 
247,55023 
260,142107 
237,389849 
240,520398 
255,951919 
246,869455 
242,855681 
253,123603 
 not-defined: 
23,83265 
23,745772 
23,962459 
23,879285 
23,634404 
23,969847 
24,023917 
23,64574 
23,947531 
24,330385 
23,96059 
23,847168 
23,455513 
24,031064 
23,716325 
24,141311 
24,223638 
23,601563 
23,62999 
23,792275 
23,638768 
23,421912 
23,798523 
23,954895 
23,570583 
23,736382 
23,960183 
23,793633 
23,774378 
23,66931 
23,800293 
23,786498 
23,951199 
23,993128 
23,828331 
24,068447 
23,96034 
23,877146 
24,060625 
24,063157 
24,11002 
23,766087 
24,348585 
24,132657 
23,939776 
23,697691 
23,789697 
23,875891 
23,723799 
23,919465 
23,683409 
24,300134 
24,148194 
23,572851 
23,572244 
23,552402 
23,489691 
23,527769 
23,68489 
23,831042 
23,336575 
23,684373 
24,288917 
24,273267 
24,177707 
23,668354 
23,424214 
23,832055 
23,877503 
25,313546 
23,568378 
23,821351 
23,987319 
23,800482 
23,984053 
23,967377 
24,229499 
23,41864 
23,691925 
23,94114 
23,971007 
24,211092 
23,453275 
23,717027 
23,774319 
23,806377 
23,524156 
23,763969 
24,267241 
24,053126 
24,349543 
23,854699 
23,677612 
23,413197 
23,715761 
23,876355 
23,961266 
24,124684 
24,051623 
24,082716 
23,49981 
 once: 
    293,554283 
    332,820422 
    311,905518 
    296,217435 
    312,03741 
    302,564618 
    300,603926 
    294,588914 
    301,523435 
    304,876133 
    301,669292 
    305,545212 
    314,897146 
    314,129738 
    309,273298 
    307,98309 
    294,987029 
    303,780697 
    300,606532 
    301,840599 
    306,839026 
    301,36622 
    315,63372 
    315,100133 
    304,447577 
    307,68185 
    307,169852 
    310,990211 
    302,559741 
    305,600068 
    316,514529 
    308,308502 
    302,96006 
    308,913144 
    307,580551 
    309,093575 
    312,938526 
    305,772955 
    307,091101 
    318,567881 
    302,789423 
    300,709343 
    294,403863 
    301,649729 
    298,193744 
    305,579666 
    298,731526 
    302,592204 
    311,215926 
    313,127649 
    300,608392 
    302,322401 
    307,737716 
    299,13742 
    317,198302 
    310,848702 
    317,502132 
    319,332798 
    305,746782 
    304,036963 
    306,19429 
    309,945596 
    312,869759 
    305,35033 
    306,534219 
    305,438735 
    314,730903 
    308,887915 
    315,078996 
    304,411713 
    313,441686 
    316,997855 
    302,84136 
    309,823786 
    310,997552 
    306,692301 
    298,14872 
    304,31439 
    301,754947 
    318,740436 
    317,380807 
    295,99239 
    306,570552 
    316,59749 
    307,384757 
    306,234969 
    309,042482 
    297,897892 
    305,893573 
    322,39211 
    307,8422 
    310,72404 
    311,810031 
    307,418835 
    303,632891 
    306,071488 
    308,910896 
    309,917931 
    304,115502 
    314,210121 
 pad-left: 
36,992692 
36,717341 
37,042476 
36,626343 
36,549396 
37,129753 
37,156733 
37,323542 
36,498534 
36,687869 
36,7996 
36,633961 
36,503036 
36,584924 
37,289766 
36,448985 
37,603969 
36,831022 
37,062886 
36,453739 
36,894243 
36,509103 
36,77457 
36,927446 
36,303412 
36,693516 
38,275934 
38,04498 
36,52037 
36,855475 
36,252625 
36,469863 
36,358447 
36,78542 
37,058848 
36,843389 
37,027414 
36,833409 
36,458701 
37,25568 
36,702677 
36,537021 
36,289757 
36,818442 
36,546816 
36,761344 
37,151547 
36,99533 
37,015766 
36,983117 
36,748797 
36,43794 
36,701165 
37,290803 
36,721224 
36,601099 
36,472041 
36,502683 
36,418968 
36,304177 
36,365673 
36,957432 
36,660146 
36,69307 
36,695198 
37,089956 
36,998338 
36,71889 
36,239136 
36,717363 
36,601836 
36,575349 
36,681691 
37,119668 
37,083043 
36,496935 
36,619305 
36,243253 
36,259608 
36,492943 
36,690687 
36,507116 
37,501931 
37,118587 
36,697433 
36,686271 
36,87321 
36,38511 
36,964106 
36,716036 
37,289533 
36,537422 
36,338152 
36,385319 
36,058266 
36,722316 
38,00206 
36,55283 
36,515469 
36,58557 
36,87677 
 pad-left-simple: 
36,378892 
36,051978 
36,596052 
36,60117 
36,379837 
37,308787 
36,735172 
37,03751 
37,811644 
37,177239 
37,418888 
36,312372 
36,453811 
36,485676 
36,802352 
36,121035 
37,408026 
36,064308 
37,573564 
36,33905 
36,376122 
36,579649 
36,142876 
40,065434 
36,821376 
36,201194 
36,537864 
36,35966 
36,816767 
36,015015 
36,199263 
35,800215 
37,099216 
37,82468 
36,591139 
36,143881 
43,738823 
36,422364 
36,163539 
37,34902 
36,248735 
35,734965 
36,154947 
35,731746 
37,29126 
36,718851 
36,015531 
36,677647 
36,081329 
36,108441 
36,53869 
36,33705 
36,63152 
37,09143 
37,038599 
36,46492 
36,263087 
36,352138 
36,378535 
35,810202 
36,878428 
36,269595 
36,495335 
37,615671 
36,517621 
35,849728 
35,912521 
37,870375 
37,6546 
36,403309 
35,993932 
40,696666 
36,848688 
36,452664 
36,066617 
36,167173 
37,775014 
36,357434 
36,510609 
36,923757 
38,215359 
36,921778 
38,143853 
39,897505 
36,336866 
35,906529 
36,704162 
37,23265 
37,025933 
36,703795 
36,494344 
36,331444 
37,332475 
37,39584 
36,719326 
35,824383 
36,390224 
36,220639 
36,212797 
37,581904 
36,37687 
 parse-next-json-value: 
121,402627 
127,560912 
126,906276 
129,728565 
141,440696 
127,727867 
133,604759 
130,26633 
131,300648 
136,041821 
127,224192 
129,839037 
127,981928 
131,036091 
128,997558 
129,511642 
127,971235 
126,860579 
127,624329 
129,12303 
130,350528 
129,654925 
131,389605 
133,362127 
129,52331 
128,254744 
127,239908 
129,638872 
129,991527 
127,507469 
130,90959 
130,48053 
132,368015 
133,829835 
133,490536 
127,832607 
128,586642 
128,612285 
129,177842 
126,687684 
127,341618 
133,554246 
127,144215 
129,903776 
128,781468 
139,845665 
129,748283 
130,638607 
129,618497 
127,723389 
135,320573 
128,135493 
130,533292 
129,371086 
127,320922 
126,152804 
129,557737 
128,881851 
126,42323 
129,244292 
126,79856 
130,120731 
128,768199 
135,717348 
128,135454 
126,463951 
127,138324 
130,773692 
129,961321 
134,677054 
128,913319 
131,403473 
131,996697 
127,988252 
132,705316 
129,539099 
127,904767 
128,465655 
133,260285 
129,000676 
130,751456 
131,726603 
128,752926 
133,04306 
133,404616 
125,773649 
128,494978 
138,437754 
129,222154 
130,233884 
131,628365 
132,975583 
130,911592 
128,167011 
140,447018 
129,79876 
130,164573 
127,754979 
129,82011 
128,972941 
129,458268 
 periods: 
24,556295 
24,338897 
24,875942 
24,925943 
24,792316 
24,548297 
24,828003 
24,927741 
24,754918 
24,89716 
24,646957 
24,82249 
24,605507 
24,950499 
24,82955 
24,4869 
25,54617 
24,782998 
25,173905 
24,386243 
24,600159 
25,485476 
25,245208 
24,914431 
24,767522 
24,660168 
25,051822 
24,651115 
24,939131 
24,660136 
24,768512 
25,278893 
25,215568 
24,586958 
25,16995 
24,972376 
25,092167 
24,857646 
24,443549 
24,829763 
24,981663 
24,979947 
24,586957 
24,843118 
25,123934 
25,46719 
24,528633 
24,776284 
25,111786 
24,798719 
24,896569 
24,768279 
24,937902 
24,985054 
25,160887 
25,209964 
24,954999 
24,72229 
24,80936 
24,633225 
24,578914 
24,535895 
24,852518 
24,958405 
25,019539 
24,954958 
24,640171 
24,790085 
24,565452 
24,698633 
24,724834 
24,695659 
24,606222 
25,073673 
25,136324 
24,660555 
24,447812 
24,947974 
24,563716 
24,826474 
24,769702 
24,923716 
24,8164 
24,488309 
24,636003 
24,949708 
25,066473 
24,607146 
25,17032 
24,800817 
24,719974 
24,895788 
26,06736 
24,687731 
24,514044 
24,713958 
24,675196 
24,843677 
24,481784 
24,201024 
24,682963 
 property-validator: 
290,187853 
291,380264 
286,197343 
287,971076 
292,744373 
288,275061 
283,113242 
286,504517 
285,102336 
289,678957 
286,883834 
289,40144 
288,008713 
288,438618 
285,574848 
288,280796 
286,910577 
288,119797 
283,952773 
286,667321 
283,953828 
284,586618 
283,191318 
288,545683 
301,474209 
291,892133 
287,445749 
288,249914 
285,776922 
286,093768 
292,534021 
283,498042 
288,386458 
286,57388 
287,101681 
284,322856 
285,849209 
285,795829 
288,96655 
285,802729 
293,392832 
289,660917 
293,600528 
285,717572 
287,961835 
292,457906 
285,799836 
285,794215 
289,257084 
293,27069 
285,138583 
289,954194 
297,885986 
287,028955 
286,636028 
284,547995 
293,49299 
287,23369 
289,350775 
294,167081 
286,971023 
287,745825 
288,816446 
293,310362 
284,262493 
284,840912 
286,464896 
289,437635 
284,963968 
284,501791 
288,227195 
290,14797 
287,970493 
288,226112 
288,685529 
285,280786 
286,492317 
285,691741 
285,658833 
286,648317 
289,518861 
283,639212 
287,120315 
286,93233 
287,032679 
285,300607 
288,171021 
285,243997 
295,203482 
287,3551 
288,14746 
287,639594 
286,414781 
284,878227 
284,5539 
289,228474 
283,075584 
291,618879 
288,691279 
285,682193 
292,358498 
 rimraf: 
    16,821275 
    16,447126 
    13,5107 
    13,689289 
    16,897152 
    13,631575 
    13,746411 
    16,561722 
    13,585434 
    13,659137 
    16,595999 
    13,595259 
    13,529279 
    16,864445 
    13,611604 
    13,721241 
    16,537018 
    13,629106 
    13,639152 
    16,605592 
    13,690735 
    13,752073 
    16,484492 
    13,553204 
    13,56975 
    16,485748 
    13,513584 
    13,656235 
    16,5626 
    13,740756 
    13,805567 
    16,591188 
    13,620126 
    13,628408 
    16,612321 
    13,568384 
    13,674723 
    16,517943 
    13,65953 
    13,64896 
    16,577389 
    13,579628 
    13,629994 
    16,525849 
    13,621913 
    13,795446 
    16,483157 
    13,513306 
    13,670046 
    16,520981 
    13,681392 
    13,559216 
    16,623471 
    13,690828 
    13,606894 
    16,484118 
    13,591583 
    13,658059 
    16,612672 
    13,863774 
    13,673744 
    16,484621 
    13,598303 
    13,549548 
    16,62421 
    13,588845 
    13,628146 
    16,470954 
    13,613838 
    13,712788 
    16,534157 
    13,524027 
    13,694602 
    16,577921 
    13,788605 
    13,597228 
    16,637057 
    13,608076 
    13,661036 
    16,422146 
    13,578745 
    13,654143 
    16,748278 
    13,660648 
    13,674657 
    16,591864 
    13,626348 
    13,600756 
    16,42612 
    13,63705 
    13,903744 
    16,644233 
    13,617959 
    13,7103 
    16,818141 
    13,615932 
    13,647118 
    16,638213 
    13,683436 
    13,675147 
    16,633577 
    13,920079 
    13,636855 
    16,473008 
    13,512213 
    13,637134 
    16,68081 
    13,701566 
    13,651258 
    16,590148 
    13,639927 
    13,532777 
    16,590628 
    13,532822 
    13,6267 
    16,469506 
    13,600108 
    13,706492 
    16,611689 
    13,701103 
    13,653719 
    16,828542 
    14,009035 
    13,695353 
    16,532526 
    13,449392 
    13,543093 
    16,606385 
    13,661547 
    13,642451 
    16,503427 
    13,567006 
    13,707549 
    16,607904 
    13,647972 
    13,6285 
    16,714529 
    13,583952 
    13,655098 
    16,426489 
    13,62686 
    13,651278 
    16,634016 
    13,574775 
    13,725974 
    16,465903 
    13,541346 
    13,667836 
    16,598613 
    13,678456 
    13,717477 
    16,693122 
    13,747043 
    13,757844 
    16,65485 
    13,649826 
    13,587914 
    16,545387 
    13,643404 
    13,762331 
    16,574682 
    13,578833 
    13,636918 
    16,538839 
    13,472047 
    13,754513 
    16,536461 
    13,608433 
    13,714828 
    16,518469 
    13,58715 
    13,601077 
    16,61078 
    13,572258 
    13,736425 
    16,472565 
    13,586529 
    13,585873 
    16,606568 
    13,643395 
    13,571277 
    16,62133 
    13,661797 
    13,680708 
    16,733713 
    13,667633 
    13,68334 
    16,500492 
    13,625757 
    13,719441 
    16,487506 
    13,654192 
    13,722845 
    16,532267 
    13,713243 
    13,64389 
    16,803769 
    13,670753 
    13,587591 
    16,509974 
    13,595554 
    13,772662 
    17,148582 
    13,519236 
    13,574159 
    16,570127 
    13,645214 
    13,594973 
    16,671561 
    13,735208 
    13,683194 
    16,603909 
    13,621358 
    13,60922 
    16,643298 
    13,610156 
    13,640629 
    16,572239 
    13,63512 
    13,651226 
    16,655032 
    13,722899 
    13,734718 
    16,572321 
    13,659776 
    13,613169 
    16,653838 
    13,622309 
    13,649079 
    16,602596 
    13,630797 
    13,656768 
    16,628279 
    13,689535 
    13,691661 
    16,487423 
    13,650808 
    13,59231 
    16,692282 
    13,649878 
    13,710793 
    16,633042 
    13,770797 
    13,662342 
    16,922802 
    13,693238 
    13,544594 
    16,495372 
    13,530861 
    13,623196 
    16,532364 
    13,711898 
    13,664958 
    16,509496 
    13,620623 
    13,744052 
    16,556372 
    13,4978 
    13,662457 
    16,608944 
    13,666541 
    13,640511 
    16,576549 
    13,665654 
    13,781004 
    16,708361 
    13,638852 
    13,649235 
    16,573056 
    13,514993 
    13,706576 
    16,542045 
    13,581558 
    13,541612 
    16,528129 
    13,657604 
    13,584668 
    16,436927 
    13,57918 
    13,712752 
    16,566519 
    13,618743 
    13,61375 
    16,542184 
    13,661358 
    13,779868 
    16,555541 
    13,675273 
    13,613532 
    16,669038 
    13,725878 
    13,697269 
    16,728542 
    13,716288 
    13,588044 
    16,481894 
    13,550526 
    13,62981 
    16,70038 
    13,647044 
    13,738884 
    16,696618 
    13,630051 
 rtrim: 
59,019581 
58,055302 
66,119933 
58,549594 
63,673001 
57,690916 
59,209317 
65,065897 
60,17187 
58,422719 
57,583633 
59,975001 
58,574213 
57,128817 
57,033252 
57,96332 
59,023755 
60,418518 
66,592681 
58,788168 
63,831657 
57,691283 
57,283794 
58,722835 
57,811947 
56,191984 
58,13647 
57,422141 
58,00581 
61,886281 
71,080481 
57,430066 
56,374966 
60,189437 
66,787292 
59,284543 
58,75211 
58,292225 
57,37004 
57,633438 
65,997766 
57,987659 
60,662557 
57,617215 
56,716525 
57,320385 
58,030222 
57,850147 
64,324295 
58,531523 
58,023982 
58,029916 
64,214182 
58,67127 
56,022156 
58,513572 
60,076594 
60,412356 
63,732939 
57,550089 
60,881151 
58,904456 
60,848835 
58,479374 
57,973906 
59,340786 
58,255024 
58,834401 
57,707101 
59,018655 
58,235358 
58,661237 
57,777885 
58,053968 
56,975434 
59,0125 
58,593324 
56,729891 
57,766379 
58,600762 
59,056446 
63,266626 
59,162076 
58,090525 
59,72136 
64,541551 
57,515896 
58,816263 
58,855767 
57,870627 
55,986856 
58,902593 
64,306015 
59,254977 
56,506264 
57,141709 
57,795544 
56,06512 
58,839676 
59,351179 
64,736687 
 schema-inspector: 
458,850708 
478,875613 
444,062754 
744,752337 
442,2861 
438,417756 
437,60865 
431,677907 
435,42296 
445,273165 
444,402371 
431,036663 
432,341446 
8194,758575 
449,044454 
441,133148 
477,208221 
440,814691 
431,651346 
616,306976 
433,244523 
433,590701 
27637,849494 
441,241832 
430,742066 
449,145813 
436,112061 
438,828218 
432,820805 
427,336776 
431,386022 
433,653956 
439,987145 
435,985514 
428,669614 
426,934216 
450,311336 
444,214139 
429,152194 
436,040328 
489,459758 
428,448083 
463,566334 
435,646659 
433,863077 
431,815122 
434,994011 
430,32139 
428,011696 
433,779543 
434,83533 
451,107553 
425,108797 
428,244463 
432,377602 
432,776928 
599,434965 
428,399737 
434,432783 
431,854349 
432,907768 
476,330371 
431,247153 
429,971707 
440,578606 
430,868724 
433,249745 
444,068995 
421,406524 
425,943716 
439,42777 
446,714918 
525,16254 
436,250493 
437,851951 
568,724192 
426,506643 
431,20322 
429,300248 
434,201816 
441,139722 
432,804951 
428,333266 
428,862172 
428,403681 
459,539093 
444,083207 
441,929652 
448,445958 
464,071972 
434,67798 
433,934998 
437,464035 
431,6536 
425,892757 
432,760633 
432,492972 
527,172629 
430,680593 
444,228879 
 set-value: 
80,309822 
75,386579 
76,709785 
75,785463 
78,476654 
76,444954 
77,017087 
75,829211 
77,246699 
73,183014 
78,789879 
78,081403 
78,92728 
77,807313 
79,633507 
77,309352 
78,589568 
77,121387 
79,829794 
78,775579 
75,967941 
83,159404 
74,797947 
77,48589 
79,464571 
76,761483 
77,683919 
80,117838 
75,2737 
78,019072 
77,903413 
78,303007 
74,387184 
76,995711 
77,255928 
75,482426 
78,87963 
78,444619 
78,168331 
78,646205 
77,958553 
77,989128 
79,487988 
77,493608 
75,570905 
75,50116 
80,354193 
77,588912 
78,473107 
78,05665 
79,4415 
76,623877 
76,334028 
82,949415 
76,271495 
77,822307 
77,477895 
79,549218 
77,632089 
73,751422 
77,954595 
78,535539 
77,841349 
76,674988 
78,302437 
79,057139 
75,978311 
85,380072 
80,293707 
78,084842 
75,798179 
77,875882 
75,424821 
77,644243 
79,796405 
80,219576 
79,11338 
78,492319 
79,28134 
86,091666 
77,749536 
77,693798 
78,177695 
76,408793 
77,028239 
79,130288 
80,965056 
77,045577 
77,986738 
76,848131 
78,577836 
75,015187 
78,903342 
77,485514 
79,048942 
77,356092 
77,510169 
82,294209 
77,919643 
75,942667 
77,776879 
 staticFiles: 
 static-props: 
32,790848 
32,35851 
32,365935 
32,385067 
32,581714 
32,695117 
32,963172 
32,81234 
32,328633 
32,359511 
32,087408 
32,381914 
32,297096 
33,635864 
32,298233 
32,932171 
32,019451 
31,923393 
32,403186 
31,92121 
32,584927 
31,851095 
32,754754 
32,799271 
32,636263 
32,246093 
32,054631 
32,372855 
31,859418 
32,591117 
32,850313 
31,854547 
31,929674 
32,300244 
32,145027 
31,858707 
32,092335 
33,145764 
32,463263 
32,499435 
32,115063 
32,405787 
33,372086 
32,791285 
32,279421 
32,172012 
32,075105 
31,740863 
32,323367 
32,006931 
32,671151 
32,646079 
32,333837 
32,100874 
32,353265 
32,311585 
32,320997 
32,246167 
32,596732 
32,361454 
32,72231 
32,958733 
32,513575 
32,278133 
32,198294 
32,150427 
32,392002 
32,389635 
32,510712 
32,172301 
32,714075 
32,790301 
33,135606 
32,354889 
32,058546 
32,63176 
32,255796 
31,948257 
32,276379 
32,195764 
32,243671 
32,469492 
33,177289 
32,617478 
33,069313 
32,56864 
33,021288 
33,027981 
32,475743 
33,005772 
32,85564 
32,425671 
32,60778 
32,468882 
32,432329 
32,360772 
32,30278 
32,112383 
32,7592 
32,330732 
32,616672 
 syncthrough: 
    140,607496 
    134,841638 
    134,457774 
    131,782515 
    132,197518 
    131,626026 
    132,083187 
    130,693244 
    134,306951 
    130,654585 
    131,432316 
    130,378869 
    130,934335 
    132,90909 
    132,882744 
    131,792609 
    130,783964 
    130,661963 
    130,331303 
    131,185659 
    131,968206 
    132,714906 
    146,69049 
    133,673725 
    130,908284 
    129,901766 
    131,400077 
    130,429485 
    131,49352 
    132,44112 
    136,717522 
    134,530382 
    131,528646 
    130,654746 
    131,64992 
    131,388771 
    133,060481 
    131,097339 
    129,27517 
    132,616166 
    131,300043 
    130,32998 
    130,260952 
    132,778424 
    137,1671 
    131,747359 
    132,225948 
    130,899492 
    128,686263 
    137,955764 
    130,370194 
    133,381442 
    131,922452 
    133,175926 
    132,663787 
    129,042278 
    130,741176 
    129,462976 
    132,645411 
    130,533318 
    132,747605 
    133,506175 
    131,164429 
    131,09876 
    132,486203 
    132,543206 
    129,430538 
    133,792054 
    131,355255 
    133,267485 
    132,76832 
    131,220826 
    132,602986 
    132,33969 
    156,18747 
    131,504525 
    131,701217 
    131,418551 
    133,010646 
    132,609468 
    131,108672 
    131,908393 
    133,811768 
    133,015281 
    132,853062 
    129,958642 
    130,765577 
    130,476728 
    136,233176 
    131,53438 
    130,941335 
    131,954483 
    130,907005 
    131,098094 
    132,689164 
    132,652358 
    136,176453 
    130,946313 
    130,462309 
    130,625416 
    133,349633 
 through2: 
 through2-map: 
88,468394 
88,813302 
87,820777 
89,639255 
89,28557 
97,204606 
89,791734 
90,18371 
89,079443 
89,909013 
89,385515 
89,453704 
89,781349 
88,531644 
90,055085 
91,192741 
90,130121 
89,292741 
88,889088 
89,679582 
89,936558 
90,196052 
89,965113 
89,638648 
88,599098 
88,341764 
89,697403 
89,601695 
88,874847 
89,614199 
89,465432 
89,581905 
88,751257 
88,98085 
90,448177 
88,914878 
90,134484 
90,030449 
89,459695 
88,871271 
90,126892 
92,242637 
89,812719 
89,319381 
91,267602 
89,717467 
90,875288 
88,887218 
88,729114 
90,808243 
89,799084 
88,430983 
88,65946 
91,461378 
88,84162 
89,457537 
89,105497 
90,718709 
89,382444 
88,409794 
88,614464 
88,526207 
90,042123 
88,967279 
89,101397 
89,822496 
88,711392 
88,951153 
88,66543 
89,860105 
88,88623 
90,81094 
89,918456 
89,50877 
90,077623 
89,27619 
89,826337 
88,447361 
89,85174 
88,809399 
88,757501 
90,506942 
88,422527 
90,125187 
89,290151 
88,888469 
89,737077 
89,506835 
89,998809 
89,850736 
88,807142 
90,148525 
89,572887 
89,765608 
88,819282 
90,764571 
90,230415 
89,958966 
89,517292 
90,174089 
89,490102 
 -stamp: 
40,037582 
39,525652 
39,180232 
40,343899 
38,940507 
39,439731 
38,819773 
39,437987 
38,644847 
38,998986 
38,845752 
40,532019 
39,822842 
38,721529 
38,67318 
38,657826 
38,998409 
38,763073 
38,984294 
39,445207 
38,330639 
39,12016 
38,411365 
39,083096 
38,485736 
40,111325 
39,05282 
38,81086 
39,192187 
40,020844 
38,937465 
40,129969 
38,794879 
39,141808 
39,96557 
39,559375 
40,366795 
39,662003 
38,925649 
40,36123 
38,807013 
38,923631 
39,757592 
45,11853 
39,140773 
39,284479 
44,556644 
40,481032 
39,193149 
39,205837 
38,642643 
39,005552 
39,836943 
39,504824 
38,575964 
39,526477 
38,39093 
38,151072 
38,660123 
38,712086 
38,88194 
38,962845 
38,566126 
40,398404 
39,141849 
38,579921 
38,68874 
40,13287 
39,441933 
38,841082 
39,995357 
40,316816 
39,166636 
39,599734 
41,195836 
38,829495 
40,037222 
39,406781 
39,261066 
39,773035 
40,208331 
39,261411 
40,2321 
39,25176 
39,2503 
39,033173 
39,513743 
39,114378 
38,652977 
39,279991 
39,437917 
39,001759 
39,833215 
38,42483 
38,761232 
39,222686 
38,808655 
38,937686 
38,929189 
39,445485 
39,406557 
 unordered-array-remove: 
31,056314 
31,477967 
31,385733 
30,955949 
30,584105 
31,190746 
30,788439 
30,809307 
31,087961 
30,825102 
31,408789 
31,09135 
31,631216 
30,329131 
30,819596 
31,116034 
31,074914 
30,766081 
31,397562 
31,622826 
30,48542 
30,939883 
30,488569 
31,325473 
30,878633 
31,763953 
30,930776 
31,167848 
30,646844 
30,878324 
30,615484 
30,774625 
31,738834 
31,155595 
31,410214 
31,003029 
30,594585 
31,879027 
31,699496 
30,581484 
31,07018 
30,597176 
30,75356 
30,429723 
30,727693 
30,836375 
31,484946 
31,062478 
31,398536 
30,785485 
30,771098 
30,872768 
31,035841 
31,241815 
30,722728 
32,070435 
31,097704 
30,955253 
30,750754 
30,609616 
31,432324 
30,979964 
30,99621 
30,637247 
30,967834 
31,378442 
31,12749 
31,220837 
31,020377 
31,189059 
30,92695 
30,438744 
31,014851 
31,12996 
31,044174 
30,737555 
30,765058 
30,919299 
31,295834 
31,079116 
30,676063 
31,180358 
31,350625 
30,629577 
31,079017 
30,88775 
31,520901 
31,023397 
30,925083 
31,119656 
30,905463 
31,212271 
30,906695 
31,078756 
30,54582 
30,83631 
30,547113 
31,328285 
31,396925 
30,756882 
31,294852 
 zipmap: 
39,115479 
39,86289 
39,395276 
39,597791 
38,932285 
39,294832 
39,271839 
40,588817 
39,476683 
39,003648 
39,100588 
40,430337 
39,518891 
39,149147 
38,991881 
39,307701 
39,40933 
39,209536 
39,484121 
38,922654 
39,570029 
45,848444 
39,898472 
39,237044 
39,427435 
40,3132 
38,714896 
38,744923 
39,714919 
38,919578 
39,536258 
39,296501 
39,250811 
40,046712 
39,00597 
39,300805 
39,516714 
39,418519 
39,226533 
45,959697 
39,045977 
39,263937 
39,218768 
46,64093 
38,715199 
39,021067 
38,907492 
39,449231 
45,466112 
39,262817 
39,546403 
39,007853 
38,805375 
40,502835 
39,493743 
38,62321 
39,338466 
39,507653 
39,583716 
38,894886 
39,333213 
39,104012 
39,140964 
38,975191 
39,023668 
39,103617 
39,699593 
39,152472 
39,72332 
38,61143 
40,215143 
39,603142 
39,605726 
39,515466 
45,084693 
39,242943 
39,586716 
45,277866 
39,58769 
38,907871 
39,275743 
39,433916 
39,485805 
39,804848 
39,755853 
39,725344 
39,320233 
39,656195 
46,29496 
43,532687 
39,36924 
39,499764 
39,813092 
39,498542 
38,952379 
39,404889 
39,610462 
38,771995 
40,021951 
39,339626 
39,882905 
  
 
