 algebra: 
 array,chunk: 
40,381359 
40,50144 
39,594447 
41,772982 
40,516849 
37,925829 
38,779722 
40,803073 
39,076143 
37,747689 
38,737303 
39,088672 
40,834416 
41,613466 
38,794545 
40,294165 
37,446413 
38,078724 
38,182913 
41,200801 
38,163468 
40,808093 
41,201903 
37,801741 
37,882078 
38,188098 
40,991619 
38,291253 
37,925111 
40,635695 
38,161743 
38,405483 
38,025306 
40,920216 
42,210489 
41,42244 
38,508807 
40,619477 
40,807276 
37,796791 
41,011472 
39,007356 
38,503696 
41,022487 
41,288671 
40,931991 
38,255016 
40,246157 
42,914159 
41,201491 
40,611758 
37,335093 
38,070713 
40,643967 
40,509328 
37,347866 
42,337339 
41,064348 
41,020979 
37,881358 
38,064995 
38,644267 
38,205056 
38,256641 
40,640336 
39,14366 
39,69463 
40,944564 
43,941349 
40,466083 
41,972137 
38,47796 
40,530692 
39,998984 
38,631902 
40,598534 
41,219416 
37,879197 
40,987046 
37,180969 
38,986421 
40,512844 
41,019654 
40,122078 
39,01048 
41,351676 
37,79582 
41,410583 
37,888091 
38,698721 
42,667179 
37,672438 
41,235021 
39,242666 
41,201602 
40,492161 
38,56846 
40,252927 
38,47152 
38,55959 
37,68827 
[?25h array-first: 
37,796473 
35,049608 
38,213071 
38,138018 
35,752899 
37,568295 
38,036702 
37,621233 
38,695061 
40,566508 
34,850185 
39,903045 
37,232391 
38,905748 
35,038632 
38,349916 
38,435422 
35,259289 
38,103244 
37,463951 
34,995707 
37,782144 
38,232574 
38,190582 
38,07561 
39,092358 
37,286336 
38,575448 
35,089367 
34,345397 
37,555203 
38,085042 
39,001419 
37,803586 
38,707256 
38,134748 
42,669928 
38,219675 
37,222758 
34,572241 
38,201285 
38,315565 
35,116384 
35,769539 
39,407254 
38,336021 
38,294828 
38,651987 
38,28089 
37,494912 
39,293156 
35,404349 
37,962124 
37,916967 
35,781732 
38,927107 
35,909266 
40,40826 
37,166568 
34,954724 
35,152909 
38,819591 
38,636237 
34,87821 
38,327517 
37,383475 
38,181093 
38,370895 
37,738629 
37,605949 
38,483426 
38,497012 
38,369266 
38,263949 
35,127248 
46,776031 
44,540882 
40,58592 
37,497396 
40,887548 
39,47301 
38,292842 
35,485559 
37,160392 
34,856076 
38,767073 
39,048599 
35,153161 
38,402835 
38,749149 
34,813709 
34,971435 
35,028095 
38,152598 
38,241141 
36,029068 
37,576375 
37,74244 
38,690781 
36,693582 
38,7715 
 array-last: 
36,611821 
36,791102 
36,952244 
36,664153 
38,261938 
37,272233 
37,076595 
37,509103 
37,789441 
37,127698 
37,909686 
36,953803 
36,729513 
37,087944 
37,081098 
38,13327 
37,898422 
37,591417 
37,790146 
37,492728 
37,355345 
37,561757 
37,004532 
38,381555 
37,597294 
37,656586 
37,137801 
36,97344 
37,132253 
38,493749 
36,654735 
37,74838 
37,367065 
39,22828 
37,34456 
37,458202 
36,928056 
36,839536 
37,55642 
37,718762 
37,281094 
38,912158 
38,932008 
37,726918 
37,420866 
37,768204 
37,454959 
37,652319 
37,446916 
42,483569 
38,048345 
37,542261 
37,482466 
36,888545 
37,043247 
36,746523 
37,690103 
37,14129 
36,69739 
36,844674 
37,173419 
37,842626 
44,457634 
37,26685 
37,752462 
37,158702 
38,207533 
43,356938 
37,495668 
36,937632 
36,863417 
37,026808 
38,235809 
36,781456 
48,857883 
36,702246 
37,425667 
38,931633 
36,346781 
37,369956 
42,609022 
38,223436 
36,934654 
36,790804 
37,616357 
36,787441 
37,466831 
39,856127 
37,540626 
36,490337 
37,667871 
38,373718 
42,634346 
36,774427 
37,968846 
38,581422 
38,721792 
37,175097 
37,433284 
37,47228 
37,271095 
 array-range: 
49,834693 
49,715449 
50,315093 
49,28354 
49,412931 
49,651103 
50,278646 
48,780223 
49,626805 
49,389736 
48,977933 
49,71952 
50,025405 
49,835023 
49,237047 
49,830115 
50,087326 
49,3677 
49,056343 
49,094908 
49,500919 
50,394526 
49,013345 
50,113768 
49,174723 
49,893478 
49,212243 
49,998175 
50,04966 
49,948167 
50,30695 
49,669101 
49,409105 
50,743401 
49,371868 
49,529207 
49,831012 
50,151481 
49,330293 
49,643517 
49,458602 
50,281554 
49,990926 
50,430514 
49,398674 
49,476692 
50,333174 
50,23841 
49,102427 
49,94529 
49,397256 
50,72588 
48,77196 
49,448317 
49,803641 
49,359964 
49,745744 
48,633161 
49,953874 
50,198927 
50,168836 
50,198862 
50,353017 
50,242652 
49,346397 
50,125726 
49,454071 
49,433681 
50,02046 
49,537691 
49,681266 
50,179993 
49,183565 
50,065106 
48,949116 
49,390648 
49,364149 
49,965265 
49,05255 
49,797847 
49,497132 
49,267677 
49,318976 
49,752268 
50,238041 
50,17438 
49,150883 
49,678805 
49,835701 
49,133849 
49,271663 
50,625822 
49,11809 
50,385503 
49,835168 
48,943923 
49,060207 
49,12229 
50,158819 
49,746403 
49,507717 
 arr-diff: 
35,666123 
35,178677 
35,460029 
36,524389 
35,362084 
35,183258 
35,830346 
42,41092 
41,281843 
35,3117 
35,5992 
35,940208 
35,328006 
34,883417 
41,058402 
35,153111 
35,433065 
34,960853 
35,114559 
36,042855 
35,880018 
34,929813 
35,113312 
35,424798 
35,074516 
35,371655 
36,008165 
35,454863 
36,887539 
35,633747 
34,716918 
35,195012 
35,601267 
35,058552 
35,632573 
34,96373 
35,200687 
41,748525 
36,16427 
35,401251 
35,106303 
35,233511 
35,354264 
35,433861 
35,702345 
34,906546 
35,573743 
36,536636 
41,425647 
36,147052 
35,272052 
35,801488 
34,924945 
35,269868 
35,201261 
36,055887 
35,967631 
35,793259 
35,460249 
35,501499 
35,607427 
35,125497 
35,789707 
35,780639 
35,106367 
35,093956 
36,608998 
35,360935 
35,408155 
35,285372 
41,293008 
35,702349 
35,059123 
35,085444 
35,543624 
35,328427 
36,06665 
34,973869 
35,987842 
35,612456 
35,41443 
35,247835 
35,717784 
35,23801 
35,778904 
35,268313 
35,986623 
35,954155 
34,924071 
35,923411 
35,588598 
35,030049 
35,466933 
36,077782 
35,424723 
43,465817 
36,730977 
35,521624 
35,142159 
35,921148 
35,934113 
 arr-flatten: 
36,417839 
36,560249 
35,24344 
35,551489 
35,923856 
35,84985 
37,174853 
35,951365 
35,842956 
35,509291 
35,722505 
36,256229 
36,197228 
37,631527 
35,315754 
36,000293 
36,415182 
36,33334 
36,557491 
35,5531 
43,015306 
35,157167 
35,271142 
35,828405 
35,468046 
35,096478 
36,186817 
35,488902 
35,476995 
35,593961 
36,251842 
35,924664 
35,893531 
35,622968 
35,796362 
36,13169 
36,501081 
35,227795 
35,700555 
36,637115 
35,832311 
35,917611 
40,323251 
36,727599 
35,753749 
35,943392 
35,428534 
36,984838 
35,871015 
36,880476 
36,037971 
35,777004 
35,857949 
35,889333 
38,52619 
35,363855 
37,698508 
36,080398 
35,58822 
35,783898 
36,06107 
35,542766 
35,485029 
35,609353 
35,564388 
35,941841 
36,164708 
35,460277 
35,209386 
35,213164 
35,932474 
36,174335 
35,559264 
38,872513 
36,332343 
42,515025 
35,756933 
35,471786 
35,631723 
35,617222 
35,613199 
41,924678 
35,533842 
36,05899 
35,993825 
36,209941 
36,132946 
39,628924 
35,404345 
35,734124 
36,177486 
35,716912 
35,085137 
37,096041 
36,575394 
36,320204 
36,175109 
35,920536 
35,925282 
37,148312 
42,088062 
 concat-stream: 
157,230746 
148,692033 
153,61428 
148,969832 
146,896826 
151,837101 
154,432696 
150,554328 
150,017296 
153,164234 
152,177443 
150,878727 
154,158617 
157,240935 
150,941848 
152,130452 
149,972965 
148,522392 
150,62433 
149,618322 
151,099964 
150,807645 
150,774059 
153,37205 
149,627874 
147,296523 
153,468135 
154,350746 
148,990538 
150,253081 
150,578192 
157,923356 
150,857078 
150,582012 
149,728562 
149,071291 
152,246743 
152,763802 
156,226297 
153,062816 
151,532502 
156,702035 
148,689278 
148,93375 
150,832708 
157,399324 
153,070563 
156,185071 
148,946652 
149,656948 
145,999029 
151,58238 
150,031127 
150,104454 
151,142418 
148,471746 
152,707321 
154,722345 
153,642027 
150,203482 
155,177011 
148,22097 
154,174043 
149,221193 
149,401594 
149,531259 
150,497846 
152,003455 
150,017791 
151,682489 
147,187311 
148,079424 
150,767701 
147,705284 
153,764509 
147,404227 
155,710772 
150,682536 
152,13584 
157,284269 
155,804957 
159,019951 
149,601357 
152,445662 
148,813317 
149,131244 
155,957266 
158,739286 
153,132258 
149,386601 
151,823163 
153,961449 
152,625397 
148,746827 
151,506679 
155,159199 
149,036914 
151,122814 
152,635306 
151,192644 
157,314578 
 deep-bind: 
45,336679 
45,547408 
44,287901 
44,005686 
43,755517 
42,650624 
43,746281 
44,053315 
43,115043 
43,783998 
43,97332 
44,438897 
46,391892 
46,171617 
44,465476 
43,513098 
44,239723 
46,244073 
45,224074 
44,299141 
50,961934 
44,675105 
43,7352 
43,166621 
43,89184 
44,800587 
42,987178 
43,702999 
43,404482 
43,815301 
44,658342 
45,375757 
47,118042 
48,771469 
44,169338 
44,532848 
43,039787 
43,812016 
46,377363 
46,101714 
42,540808 
44,341656 
47,00823 
49,493049 
44,029027 
45,67292 
46,441183 
45,928762 
45,134981 
44,277659 
43,797205 
44,514558 
44,001968 
43,6382 
44,253568 
44,801847 
46,60998 
44,339074 
44,197193 
43,433224 
43,842639 
45,672893 
45,312808 
44,329583 
44,112218 
42,897701 
43,984161 
44,905396 
43,671002 
45,83067 
44,887757 
44,37251 
44,211671 
47,149539 
44,49507 
46,508439 
43,369495 
47,141626 
46,725966 
49,224464 
45,093954 
44,657176 
44,669387 
43,768177 
46,455378 
45,510163 
43,539881 
44,26263 
44,358842 
43,949969 
43,782685 
43,329499 
44,720203 
44,179083 
44,256744 
44,810857 
45,006589 
43,486845 
44,804548 
47,591436 
42,527376 
 document-ready: 
 file-size: 
 fs-promise: 
153,317227 
155,646191 
153,643258 
154,164188 
151,054057 
150,104855 
156,926205 
154,14177 
152,454334 
164,021733 
153,739824 
157,705855 
160,246329 
157,010133 
158,244654 
156,989858 
151,675052 
158,073478 
153,833033 
158,437198 
157,007703 
154,845266 
155,728216 
154,677487 
159,024441 
157,106496 
154,885337 
157,95765 
155,464706 
153,441033 
156,643106 
156,178563 
155,665822 
156,937336 
154,007636 
155,295528 
147,462991 
155,96917 
152,655938 
154,192867 
157,809896 
153,413974 
158,115621 
155,458515 
154,93408 
159,475957 
159,499112 
156,344599 
156,982104 
160,099332 
154,576735 
154,663937 
156,230696 
156,173359 
161,555771 
157,104119 
155,503549 
156,025193 
154,986829 
154,844 
154,771787 
157,436677 
162,155518 
157,844935 
158,938481 
157,469202 
160,655944 
154,244501 
159,101755 
160,229379 
155,062051 
154,585744 
153,600243 
150,581699 
151,75131 
153,57707 
150,918123 
155,03921 
158,58851 
156,948781 
155,034439 
158,109943 
155,21702 
158,595024 
155,974758 
156,782622 
155,159581 
154,615739 
153,867646 
155,059309 
154,87207 
163,132148 
154,130857 
152,250551 
157,257758 
157,585422 
154,818186 
154,361955 
154,347854 
157,210507 
156,49864 
 get-value: 
143,130445 
129,271156 
124,693782 
128,467055 
131,708386 
129,894686 
127,906947 
133,138631 
127,542038 
129,136759 
127,730116 
126,89665 
128,312336 
125,078091 
126,957668 
128,401108 
125,790501 
127,530166 
132,214132 
128,215424 
127,157774 
128,246634 
128,236824 
127,231656 
137,711288 
125,8883 
126,652049 
126,066801 
127,261423 
125,344616 
125,834309 
126,664838 
127,159895 
127,633095 
127,530265 
125,412609 
126,033439 
129,063344 
126,927526 
126,481322 
126,0504 
125,977305 
127,94957 
129,841637 
128,477344 
126,574952 
127,756234 
127,473542 
125,782346 
126,487502 
131,484904 
126,003124 
127,840441 
124,658035 
126,082197 
128,358102 
132,23879 
126,958362 
127,801155 
124,4439 
130,840993 
127,850682 
126,217189 
129,324576 
127,786851 
127,751411 
132,603383 
128,552868 
126,574552 
130,057747 
127,668578 
128,42782 
127,293792 
125,207495 
126,822704 
128,281217 
133,489284 
127,970017 
126,247715 
126,618822 
129,413871 
126,602568 
127,396291 
133,362799 
127,460086 
128,132943 
125,876224 
128,68757 
127,943306 
127,481331 
126,579516 
125,834693 
126,188241 
126,891893 
132,369936 
127,968161 
130,095031 
134,767311 
125,761954 
126,196111 
129,048938 
 group-array: 
110,681787 
111,079753 
102,284043 
109,629351 
107,277383 
109,225963 
107,284692 
102,45019 
107,732735 
101,911358 
109,264832 
107,68888 
107,494918 
105,210789 
108,358656 
107,206298 
108,483042 
104,363493 
108,540371 
104,186863 
109,263825 
107,331198 
106,320379 
109,536279 
118,963004 
111,410707 
103,633954 
111,250102 
110,031239 
102,192127 
107,292313 
108,49036 
105,688826 
113,395695 
111,612189 
108,376456 
110,330169 
107,364719 
119,229852 
104,218105 
106,494905 
109,124339 
112,024632 
106,963051 
106,099757 
101,609471 
106,576714 
109,312333 
102,240158 
107,846225 
108,511229 
112,808814 
100,675708 
109,114507 
107,429324 
105,744894 
101,945441 
118,953973 
101,527447 
107,206965 
107,502564 
110,702136 
107,11497 
105,774603 
118,07308 
108,938254 
107,0529 
108,578281 
108,673257 
110,000526 
108,45017 
103,182789 
109,7031 
108,150016 
107,07531 
106,510892 
102,780921 
102,710843 
107,730043 
100,191208 
109,322999 
102,897889 
110,211442 
105,695896 
109,111588 
106,815664 
101,177026 
121,620989 
120,663349 
102,98051 
119,464299 
107,408847 
100,422106 
127,270409 
100,554278 
110,737564 
106,157328 
106,582671 
108,072232 
108,7163 
106,220776 
 has-key-deep: 
54,745739 
55,0442 
55,405811 
55,298376 
55,43805 
54,591648 
55,628969 
55,448257 
58,323185 
54,906281 
61,230501 
54,689059 
61,137594 
56,037242 
55,57024 
54,650509 
54,703123 
55,401527 
55,197866 
55,19582 
55,338193 
54,628334 
55,165024 
55,475834 
55,655057 
56,335842 
54,495832 
54,677775 
57,867956 
55,821526 
55,312788 
54,661037 
55,625493 
55,254575 
54,615584 
54,916628 
55,52794 
55,096806 
55,471361 
54,831644 
54,873438 
56,809186 
60,818985 
61,038639 
55,739992 
54,551538 
54,418893 
55,670595 
55,366667 
55,267142 
55,112343 
55,451676 
55,106397 
55,8362 
55,279874 
54,793019 
55,005648 
54,621597 
55,070288 
61,088731 
78,518114 
55,208894 
54,926089 
55,234354 
54,998486 
55,726613 
54,859826 
55,083693 
55,012411 
55,198929 
55,048016 
54,049521 
54,950778 
54,851438 
54,92751 
55,469064 
60,901 
55,140705 
54,497326 
55,576164 
54,804199 
55,112576 
54,997929 
55,406908 
55,825869 
54,757151 
54,967133 
54,813771 
54,847186 
55,379393 
54,949314 
56,971074 
55,221687 
57,308097 
56,630654 
55,663061 
55,016513 
55,151719 
55,543745 
62,706944 
55,824719 
 has-value: 
42,971852 
42,569307 
42,619858 
42,174998 
42,490343 
42,222527 
43,036283 
48,904239 
43,466147 
43,020338 
48,587939 
43,152285 
42,347295 
44,627146 
49,062873 
41,773001 
42,390281 
42,265571 
42,556239 
42,486447 
42,213524 
48,288452 
42,661412 
42,226326 
48,183994 
42,054151 
43,889629 
42,33412 
42,404107 
44,378743 
42,936956 
43,124898 
42,338625 
43,141502 
42,956615 
42,87167 
43,48326 
42,875731 
42,493086 
42,461947 
42,802889 
42,398853 
43,124071 
42,116123 
42,114398 
44,483692 
44,613326 
42,820766 
41,94579 
42,672984 
43,93748 
42,451433 
43,104559 
43,87867 
42,553444 
42,703772 
43,749771 
43,505001 
42,832713 
42,192127 
42,916992 
42,751312 
41,801929 
43,356723 
42,95432 
42,135882 
50,12162 
43,337336 
42,522663 
41,875358 
43,939658 
43,415413 
42,733808 
49,389102 
42,343643 
42,640171 
44,060912 
42,902853 
44,153798 
43,363322 
42,033819 
42,73991 
42,324104 
43,813593 
42,728032 
42,706171 
42,259271 
47,348313 
42,778995 
43,423877 
42,242807 
41,88487 
42,701403 
41,915467 
42,196265 
41,856088 
42,33823 
42,704494 
42,997781 
43,336368 
42,044045 
 he: 
97,180735 
93,267274 
92,50709 
96,657402 
94,998617 
91,756047 
90,510166 
91,497325 
93,50069 
92,36462 
95,709506 
99,378518 
97,76188 
97,047708 
91,742966 
93,307358 
97,518327 
91,602101 
93,276534 
92,830347 
93,147454 
91,233083 
95,188491 
92,953901 
93,993822 
91,396345 
92,061078 
94,335762 
92,761645 
91,34703 
97,955729 
95,544499 
91,127734 
92,563489 
90,481543 
93,601272 
91,994541 
94,6975 
94,631877 
92,693975 
92,275088 
90,542353 
93,32225 
101,074109 
98,467102 
91,412548 
91,974318 
91,972093 
91,878259 
92,214941 
91,691173 
93,732447 
91,962589 
98,343022 
94,843166 
93,452525 
94,421185 
91,620195 
94,201681 
92,233641 
91,213593 
94,545792 
91,813486 
93,452772 
90,544016 
101,384347 
93,844111 
96,605036 
101,357203 
97,25333 
91,596895 
93,383243 
94,46481 
91,832434 
91,723525 
93,822641 
93,306131 
92,799688 
94,360168 
93,457778 
92,185516 
92,468997 
92,41812 
92,383332 
93,52522 
90,676792 
94,099201 
95,252023 
93,136859 
92,346343 
92,346629 
95,824049 
91,962753 
91,856967 
92,711287 
95,29068 
95,991185 
89,891466 
93,195572 
95,807865 
92,238524 
 identity-function: 
29,264869 
29,601998 
29,353254 
29,580597 
29,502655 
29,731094 
29,237115 
29,224029 
29,791177 
29,375304 
29,353539 
29,998602 
30,08626 
30,233989 
29,344564 
29,323161 
29,507063 
29,70549 
29,299069 
29,584916 
29,268873 
29,604677 
29,080415 
29,987689 
29,939186 
29,357423 
29,571703 
29,572592 
29,420827 
29,988433 
29,658302 
29,915952 
29,475048 
29,363225 
29,253832 
29,419003 
29,654061 
29,850164 
29,954778 
29,270152 
29,441732 
29,942637 
29,508995 
29,734156 
29,998966 
29,626129 
29,639441 
29,98658 
29,809692 
29,546388 
29,877028 
34,750892 
29,828014 
29,592903 
29,680503 
29,571292 
29,759692 
29,501267 
29,617755 
29,393149 
29,95967 
29,505709 
29,619146 
29,20905 
29,456237 
29,976126 
29,653829 
29,593094 
29,819955 
29,420537 
29,747586 
30,008227 
29,449718 
29,335303 
29,663337 
30,403485 
29,528427 
29,547111 
29,556782 
30,455356 
29,212137 
29,23848 
29,479861 
29,879377 
29,561372 
29,494919 
29,402078 
29,6664 
30,241478 
29,769617 
29,481426 
29,900628 
29,691739 
29,472997 
29,751224 
29,182671 
29,842554 
29,772724 
29,678325 
29,566354 
29,079512 
 in-array: 
31,185355 
31,473124 
31,806222 
31,933873 
31,375299 
31,131454 
31,784677 
31,392571 
31,665146 
32,676522 
31,843814 
31,340002 
31,905049 
36,70015 
31,494303 
38,101665 
34,67192 
31,426026 
37,976927 
31,664467 
31,505066 
38,089067 
32,650411 
31,386673 
31,374019 
32,02747 
31,44576 
31,443736 
31,582397 
31,185395 
31,301338 
31,208085 
31,181053 
31,367128 
37,704878 
31,868122 
31,765539 
31,64713 
31,618493 
31,321967 
32,01937 
32,23862 
32,333683 
31,918377 
31,968797 
39,694537 
31,553625 
31,919036 
31,698237 
31,330513 
31,926832 
31,212694 
31,263005 
31,476934 
31,082476 
31,821875 
31,846152 
31,768577 
31,330584 
31,620289 
30,910509 
31,489575 
31,568416 
31,48524 
31,423245 
31,988668 
31,787734 
31,507782 
31,692216 
32,411602 
31,314703 
37,226077 
32,605913 
31,340553 
31,705467 
31,603744 
32,222198 
38,965465 
32,296429 
31,850493 
32,505229 
39,434626 
31,803842 
31,661146 
39,32998 
32,437403 
31,418157 
31,567769 
31,481432 
31,822105 
38,049386 
31,655913 
32,049257 
31,535955 
31,885042 
32,231815 
31,533486 
31,709096 
32,489191 
32,081338 
31,447359 
 is-empty-object: 
29,170906 
29,392264 
28,867618 
28,945553 
29,336345 
29,202148 
28,796267 
29,816794 
29,23299 
29,270614 
29,157024 
29,808443 
29,13459 
29,102174 
29,165459 
29,187075 
28,872101 
29,105317 
29,194667 
29,223839 
28,9826 
28,895425 
29,286546 
29,225933 
28,969568 
29,148937 
29,366414 
29,442227 
29,202497 
29,33384 
28,772013 
29,362247 
29,038082 
29,279254 
29,219877 
29,125292 
29,052956 
29,283188 
29,212432 
29,371802 
29,236283 
29,057716 
28,988761 
29,175657 
29,300753 
28,944738 
28,967867 
29,007848 
29,484031 
29,6029 
28,943834 
29,45594 
29,09225 
29,354 
28,990307 
29,253238 
28,883281 
29,10506 
29,028437 
29,491008 
29,423047 
29,176702 
29,252033 
29,179236 
29,218352 
29,956017 
28,958102 
29,244467 
29,405837 
29,785333 
29,239821 
29,183033 
28,986058 
28,921477 
28,969636 
29,170495 
28,788756 
29,071183 
29,089669 
29,512418 
29,592627 
29,29869 
29,25585 
29,257972 
29,349351 
29,513182 
29,330281 
28,976466 
29,36274 
29,097345 
29,075523 
28,925351 
29,333582 
28,983268 
29,218842 
28,9158 
29,539036 
28,935909 
29,09207 
29,383819 
29,060254 
 is-generator: 
88,797919 
88,837495 
87,583762 
88,408047 
88,178868 
87,699468 
89,09649 
96,712813 
87,529699 
89,566756 
88,517118 
87,160866 
95,270694 
89,781901 
88,549263 
87,840332 
97,832695 
89,378271 
87,442496 
94,281669 
87,277803 
88,657328 
89,048774 
87,997511 
88,919012 
87,523883 
89,34714 
88,403759 
87,493488 
88,259365 
89,407612 
88,335656 
88,733211 
87,66067 
89,349471 
88,685279 
88,897711 
88,954241 
88,159475 
89,305788 
89,090564 
88,544381 
88,112593 
88,122121 
87,54368 
87,225389 
88,100442 
87,910204 
87,833648 
88,799254 
88,953747 
90,822776 
88,919646 
95,339673 
88,81537 
87,118415 
94,286876 
87,539409 
87,700868 
92,131778 
89,807385 
88,602973 
87,379195 
88,062882 
89,656471 
89,133121 
88,817992 
89,1377 
88,37527 
88,30076 
89,208041 
88,013893 
88,928119 
87,942516 
88,285343 
88,040258 
89,551375 
88,238983 
87,365852 
88,477324 
87,387123 
88,193149 
90,011398 
88,11881 
89,191691 
88,821559 
87,540094 
87,588814 
87,859097 
87,403602 
87,154091 
87,955536 
93,335942 
88,348438 
88,053092 
87,071112 
87,409834 
87,606364 
89,175425 
91,272946 
88,523526 
 is-number: 
64,012751 
63,329863 
63,702306 
65,433602 
70,236765 
64,257367 
68,641406 
69,496333 
63,592073 
62,624305 
64,042274 
65,460548 
63,042572 
63,959746 
63,178263 
70,193614 
62,567465 
62,12 
61,971197 
62,563802 
65,188279 
68,992249 
63,742859 
70,02033 
70,851048 
63,466717 
63,84343 
64,273986 
63,796903 
61,849685 
62,809371 
62,928048 
62,80252 
68,739133 
63,733261 
62,741111 
63,185275 
62,001791 
63,1913 
63,582 
64,622327 
64,02191 
69,406402 
63,281821 
63,469508 
63,802252 
62,753624 
62,855456 
63,930455 
68,137686 
62,973916 
68,695828 
63,223021 
62,956136 
62,732573 
63,000548 
62,802908 
64,729982 
64,201021 
63,427975 
64,801105 
63,266007 
68,792003 
64,291746 
64,255749 
63,318561 
69,789952 
61,396858 
64,206463 
62,891515 
62,743669 
64,041785 
62,440846 
63,727987 
63,136062 
61,687509 
61,90139 
63,210027 
63,39854 
62,931819 
64,235402 
62,309886 
63,942454 
62,70539 
64,12706 
64,102704 
63,062822 
62,766438 
62,956127 
64,07559 
63,797523 
64,381925 
63,560122 
62,12477 
64,075365 
63,436856 
69,980064 
63,046865 
63,59208 
68,409955 
65,22158 
 is-promise: 
 is-sorted: 
75,76928 
74,654111 
75,143671 
74,105815 
75,677789 
74,790717 
74,691406 
74,529754 
76,185017 
74,527917 
74,77997 
74,515466 
75,628699 
75,425519 
74,44095 
74,907763 
75,088183 
74,484917 
74,97404 
76,141679 
76,223241 
74,904019 
74,224726 
74,354059 
75,252875 
73,49818 
75,576151 
75,136014 
75,768861 
75,992536 
74,779938 
75,559842 
76,266384 
77,933988 
75,046865 
76,629044 
74,964845 
75,007924 
74,360262 
74,930742 
75,601812 
74,660062 
74,687494 
74,095188 
74,602942 
80,004311 
74,243186 
74,75044 
74,284306 
75,239391 
75,35493 
74,94304 
75,314325 
76,098391 
75,281044 
74,947449 
75,471336 
74,138415 
74,818686 
74,866284 
81,746515 
74,601132 
75,485266 
75,434817 
74,810654 
75,565592 
74,522361 
74,137939 
82,722529 
74,117674 
75,148278 
74,362878 
75,317646 
75,085932 
75,320765 
75,427156 
75,295099 
75,503967 
75,485026 
75,685443 
74,314577 
74,265632 
74,359773 
74,569414 
75,395165 
73,766275 
77,369579 
74,220143 
74,420644 
74,07965 
81,221217 
75,175049 
74,730801 
74,604637 
76,473613 
74,740267 
74,755649 
79,440837 
74,493624 
76,117082 
74,675057 
 left-pad: 
336,416216 
327,182886 
352,833299 
343,743405 
318,420651 
350,628809 
352,164105 
342,14349 
345,161405 
341,567292 
354,009397 
342,044087 
346,129758 
337,93416 
343,840752 
343,668059 
345,559253 
345,054932 
341,377461 
345,008282 
346,323025 
342,411559 
340,087764 
336,242253 
346,847901 
347,271814 
347,723966 
341,519083 
348,71758 
363,435502 
334,714041 
343,659213 
352,170932 
351,643286 
323,883431 
323,241115 
340,613124 
349,165795 
355,505911 
326,747566 
356,925814 
330,653703 
332,095134 
347,243348 
348,186708 
340,177267 
325,640252 
345,039207 
325,584936 
358,326068 
329,898054 
346,971799 
355,738006 
344,86742 
324,277303 
344,43469 
346,080067 
346,172257 
351,734202 
343,816168 
339,543818 
347,298533 
322,31295 
348,196332 
325,854081 
339,39592 
350,054913 
345,058272 
350,02757 
344,135865 
343,432787 
345,170458 
354,091182 
341,79702 
343,601354 
345,297436 
337,93324 
348,662165 
348,626703 
341,15317 
349,61506 
326,299824 
333,774511 
352,439535 
349,031246 
320,353782 
342,033545 
341,728868 
348,472457 
344,374933 
343,252437 
343,483615 
337,302297 
345,90049 
350,709494 
344,884583 
343,495596 
345,600641 
342,473477 
342,655912 
346,990243 
 missing-deep-keys: 
40,280986 
130,42069 
40,454417 
130,840625 
40,052472 
130,651746 
39,848693 
130,564085 
40,512393 
137,018374 
45,978058 
130,407572 
40,249209 
129,67554 
40,22047 
130,205452 
40,123232 
140,051186 
40,432963 
130,233382 
39,998108 
130,31228 
40,609493 
134,917143 
40,237928 
130,274955 
39,973504 
133,292673 
39,930455 
130,881003 
40,003907 
130,184955 
40,328182 
131,435052 
40,248981 
129,908651 
40,795758 
131,034144 
39,904158 
139,636442 
39,919348 
130,530942 
40,627337 
129,84461 
40,171402 
131,154974 
40,091182 
130,721525 
40,215199 
130,740556 
40,019881 
132,983279 
40,1051 
129,871828 
40,16107 
130,704399 
40,708308 
129,944579 
40,116697 
129,709702 
40,043975 
130,759168 
40,255111 
138,94398 
40,004395 
130,719133 
40,128991 
130,698478 
40,403465 
129,718165 
40,255605 
130,41269 
40,316238 
130,943735 
40,143293 
129,256488 
40,182573 
129,831862 
40,434462 
129,395761 
42,503645 
130,679862 
39,898664 
130,304862 
40,090679 
130,088654 
40,40775 
129,814543 
39,955714 
129,827556 
40,437503 
131,560993 
40,061224 
133,290529 
39,980095 
129,889116 
40,350748 
130,141003 
40,730411 
136,694692 
40,293526 
132,219634 
40,209526 
129,84756 
40,020378 
133,582857 
40,099719 
136,203236 
40,894208 
137,850658 
40,120966 
130,669443 
39,944263 
130,137731 
40,181278 
130,594193 
40,029837 
130,710784 
40,201957 
134,672304 
40,145996 
141,271896 
40,069648 
130,492894 
40,333053 
130,522921 
40,012572 
130,431811 
40,241035 
132,709978 
40,215488 
130,527753 
40,259821 
130,857061 
40,271731 
130,133238 
40,050073 
132,709023 
40,597079 
134,200791 
40,989987 
139,154797 
39,788167 
130,091033 
40,446316 
130,82508 
40,266095 
132,609935 
40,218603 
129,106583 
40,266289 
129,591225 
40,149581 
131,296958 
40,222402 
130,304971 
40,191613 
130,350708 
40,655508 
130,528122 
39,894748 
130,065098 
40,179426 
130,751699 
39,977815 
130,633323 
40,119306 
132,364714 
39,958566 
130,126787 
40,235819 
132,237663 
39,985871 
130,037038 
40,203138 
130,526694 
40,456455 
130,01819 
40,482249 
133,841623 
40,469188 
131,646474 
40,134245 
130,278068 
40,050533 
130,264015 
40,284252 
130,537529 
40,100209 
132,200369 
40,241638 
130,068843 
40,179899 
130,42444 
42,768501 
130,468079 
40,431867 
131,206986 
39,899394 
131,432867 
40,310595 
129,923644 
 ndarray: 
87,281751 
87,02572 
87,89147 
87,657297 
87,987363 
87,869589 
87,741349 
88,986523 
88,642448 
86,951099 
88,733947 
87,832712 
88,975269 
87,962105 
87,647707 
86,572574 
88,235378 
86,904044 
97,776779 
87,970012 
87,36228 
86,487794 
87,88771 
87,029769 
89,070119 
87,240659 
89,294261 
88,77926 
88,636382 
89,358701 
88,237949 
88,922572 
87,262907 
91,890623 
88,554922 
87,448274 
89,041398 
87,221495 
87,367051 
89,179062 
88,008005 
89,744198 
87,599607 
87,571584 
87,772661 
86,981805 
89,296541 
87,211184 
88,404492 
89,518674 
89,363737 
87,169371 
89,070985 
88,030932 
87,764375 
89,017425 
88,246497 
88,632068 
88,575503 
88,332606 
88,525294 
87,490345 
88,359764 
87,449539 
88,158353 
87,856989 
87,59486 
87,025313 
88,890442 
88,253014 
87,95388 
87,224594 
88,209452 
88,680319 
87,642773 
87,578212 
87,585119 
88,289924 
87,112036 
88,809551 
89,457708 
88,387124 
89,682269 
87,302941 
87,320801 
86,857147 
89,426421 
88,448053 
87,681469 
88,304385 
87,275511 
87,489169 
87,915039 
91,113464 
87,90534 
87,602266 
87,556385 
88,361677 
86,93087 
87,820835 
87,427754 
 node-du: 
106,74827 
112,918053 
106,885586 
107,266856 
112,932795 
108,26956 
107,127896 
103,619442 
110,333545 
105,226487 
108,923314 
106,415099 
107,430247 
110,174652 
103,756358 
107,358741 
107,571519 
106,323088 
110,251946 
105,945251 
109,475883 
106,355253 
109,607115 
112,842639 
107,178417 
116,380527 
106,04199 
109,227544 
106,603017 
112,734164 
103,6035 
105,445773 
105,078489 
105,786502 
122,907911 
102,789438 
105,590657 
105,304772 
105,07526 
111,111481 
107,455403 
113,97598 
106,262647 
103,900997 
105,09055 
107,397672 
108,121208 
108,691357 
113,47906 
111,325434 
113,480039 
107,834121 
111,011108 
106,532451 
104,196602 
107,067539 
106,064841 
106,212038 
106,9732 
112,330658 
105,278367 
113,958259 
108,758566 
105,52159 
116,307809 
110,083768 
107,082836 
105,748139 
105,948009 
109,330751 
105,105365 
106,496639 
105,528612 
112,471929 
106,891583 
111,852189 
106,584718 
105,96961 
113,31291 
106,068158 
113,617298 
104,874916 
106,464173 
106,914499 
105,500963 
114,300019 
107,034059 
106,688718 
105,162678 
111,533564 
107,243601 
105,802972 
107,836715 
111,909165 
106,665312 
105,388613 
104,778564 
111,092189 
105,994527 
115,666775 
104,74129 
 node-glob: 
    42,582519 
    14,113049 
    14,430706 
    14,240117 
    19,08876 
    14,961997 
    14,105392 
    15,181559 
    28,362812 
    14,270056 
    14,125429 
    16,170429 
    14,335816 
    14,528985 
    15,083127 
    19,152394 
    19,232833 
    15,981761 
    16,408096 
    15,314166 
    14,318604 
    14,464331 
    15,889367 
    15,070078 
    24,791939 
    14,837604 
    15,176404 
    14,371904 
    14,690555 
    14,801304 
    21,452163 
    14,668952 
    14,801626 
    14,396483 
    19,180071 
    14,411417 
    30,604982 
    14,987083 
    15,457795 
    14,621679 
    15,255861 
    38,120079 
    14,225352 
    32,514176 
    14,019728 
    19,117522 
    19,520186 
    14,138223 
    14,323056 
    17,475213 
    14,320718 
    30,244759 
    14,36717 
    26,891784 
    15,115 
    24,615852 
    14,318784 
    15,852662 
    14,34257 
    36,868703 
    21,404838 
    14,498771 
    29,140289 
    27,310987 
    19,087688 
    14,897838 
    15,141098 
    14,237248 
    30,797546 
    14,335996 
    31,804511 
    14,339747 
    23,077452 
    14,449087 
    13,994264 
    19,312892 
    19,892389 
    14,381078 
    14,443061 
    14,611397 
    14,177623 
    14,918674 
    14,210213 
    14,121853 
    14,372394 
    14,285673 
    14,279394 
    14,479774 
    15,342945 
    14,247261 
    25,348881 
    14,342953 
    14,288043 
    14,228707 
    19,163723 
    14,314393 
    14,336463 
    15,46553 
    15,260988 
    45,795935 
    14,164695 
    13,955367 
    30,432531 
    14,398526 
    44,70482 
    19,046275 
    20,533633 
    15,730194 
    14,290214 
    14,371082 
    14,203191 
    15,109667 
    14,450794 
    14,23646 
    14,293211 
    14,347109 
    16,258112 
    14,319608 
    14,203013 
    14,434267 
    21,627152 
    14,248673 
    43,786601 
    14,358493 
    19,080408 
    14,888017 
    16,24277 
    14,263941 
    14,01644 
    14,287407 
    15,794956 
    26,157414 
    15,588382 
    14,986535 
    14,383012 
    19,169447 
    19,717018 
    14,061534 
    43,885064 
    15,342853 
    14,458693 
    14,267313 
    16,766219 
    14,229088 
    14,457017 
    14,155403 
    14,216525 
    14,229447 
    14,348062 
    15,490048 
    21,399131 
    14,462477 
    14,342349 
    14,983819 
    19,129813 
    14,363582 
    14,178119 
    40,627643 
    14,51667 
    14,347021 
    14,557071 
    14,499527 
    14,922701 
    14,571247 
    14,990522 
    19,080837 
    19,193111 
    14,120272 
    15,68075 
    14,211523 
    14,355515 
    16,334031 
    15,043024 
    14,335998 
    15,294618 
    14,306895 
    25,343225 
    14,563325 
    14,571445 
    14,432073 
    21,819754 
    14,523298 
    14,484007 
    15,747959 
    19,180126 
    16,114876 
    23,498103 
    14,87401 
    14,375233 
    15,598063 
    14,124896 
    14,793356 
    14,504792 
    14,551082 
    14,320093 
    19,289146 
    19,263977 
    15,089316 
    14,670105 
    14,435099 
    14,106093 
    14,458907 
    14,446343 
    46,612108 
    14,694977 
    14,398941 
    28,131556 
    14,865887 
    14,529884 
    15,395045 
    21,478299 
    14,344443 
    15,342241 
    17,135569 
    19,260322 
    14,428979 
    14,401693 
    27,492286 
    14,603549 
    14,324987 
    15,564008 
    14,201449 
    15,701169 
    14,164465 
    14,814139 
    19,293976 
    19,063293 
    14,410319 
    14,707109 
    14,36273 
    14,045813 
    45,20226 
    14,375364 
    13,941702 
    33,54633 
    16,372638 
    31,51988 
    15,165386 
    14,595688 
    14,136684 
    21,510162 
    14,468376 
    14,548808 
    29,153217 
    19,428405 
    14,381734 
    14,215056 
    39,399385 
    16,561569 
    14,563406 
    29,245477 
    14,308273 
    25,916077 
    14,197109 
    14,400946 
    19,072452 
    19,213102 
    14,442057 
    15,070773 
    15,766501 
    14,707266 
    14,315525 
    14,729023 
    16,037617 
    14,521106 
    15,173032 
    14,130705 
    14,566279 
    14,53879 
    14,320442 
    21,743168 
    14,34933 
    15,099242 
    14,353906 
    20,093244 
    14,726649 
    14,612502 
    55,799718 
    15,198156 
    16,514397 
    14,25448 
    14,534448 
    14,476831 
    13,990365 
    15,361341 
    19,114855 
    19,201657 
    14,515642 
    14,313239 
    15,340188 
    14,545086 
    25,587059 
    14,350227 
    14,150247 
    14,212401 
    20,074735 
    14,215665 
    15,204096 
    14,511419 
    14,576815 
    21,643821 
    32,415094 
    14,540115 
    14,446056 
    19,742407 
    14,511033 
    29,610014 
    15,492569 
    14,745953 
    14,594616 
    15,36975 
    53,117455 
    13,965584 
    14,406175 
    15,232542 
    18,993632 
    19,157218 
    14,612404 
    14,344202 
    14,955339 
    16,928165 
    14,655954 
    14,863286 
    16,150677 
    25,929855 
    30,922178 
    15,732291 
    14,650392 
    14,06594 
    14,580854 
    21,686656 
    16,117905 
    24,943064 
    14,253289 
    18,982963 
    14,64444 
    14,297352 
    15,197676 
    14,676716 
    14,162985 
    36,489138 
    15,342034 
    17,220608 
    14,421202 
    15,031483 
    19,181773 
    19,179158 
    15,344611 
    16,424576 
    14,463007 
    14,275509 
    14,451038 
    14,293745 
    15,741176 
    14,87793 
    14,281524 
    16,658172 
    14,508327 
    15,161667 
    14,340492 
    21,313572 
    14,085676 
    32,039309 
    14,775954 
    19,151226 
    14,357894 
    14,407127 
    26,553731 
    14,423079 
    14,397608 
    15,071155 
    16,040549 
    15,210609 
    14,42132 
    14,508684 
    19,424802 
    19,009428 
    14,490737 
    14,461895 
    30,484728 
    38,048564 
    14,205117 
    14,587393 
    14,064508 
    14,61137 
    31,686069 
    14,237733 
    15,356567 
    14,713044 
    15,001661 
    22,001457 
    14,407733 
    15,533195 
    14,219177 
    19,24567 
    14,973981 
    14,346331 
    14,398286 
    16,241797 
    14,555649 
    14,541397 
    14,255277 
    14,70228 
    14,372499 
    14,765981 
    19,24728 
    19,425582 
    14,739025 
    31,503539 
    15,03532 
    14,331363 
    14,340949 
    17,836974 
    14,410438 
    41,807192 
    27,364404 
    14,98616 
    15,691975 
    14,473542 
    14,278319 
    22,442314 
    14,083086 
    14,226751 
    14,036626 
    19,011853 
    15,770475 
    14,176025 
    14,735182 
    14,48809 
    14,46792 
    15,063594 
    14,864143 
    15,211937 
    14,251821 
    31,702349 
    19,161242 
    19,061642 
    14,506419 
    14,095393 
    14,071713 
    15,064833 
    14,335592 
    29,756191 
    14,68767 
    15,164899 
    14,611801 
    15,551598 
    48,694723 
    15,556598 
    14,853564 
    21,531658 
    14,775076 
    14,35834 
    14,391877 
    19,037053 
    27,115615 
    14,623527 
    15,135554 
    14,374656 
    15,567929 
    14,12824 
    14,765973 
    29,010816 
    14,327947 
    31,962491 
    19,415764 
    19,21977 
    28,355729 
    14,493862 
    16,597346 
    14,322109 
    14,373889 
    15,470119 
    15,419711 
    25,73914 
    15,731193 
    14,281426 
    14,401741 
    14,096461 
    14,5477 
    21,558735 
    27,795495 
    14,406408 
    14,457325 
    19,098553 
    14,534941 
    14,149181 
    15,183834 
    14,356938 
    14,517508 
    14,107241 
    14,308496 
    15,154921 
    15,798346 
    15,348575 
    19,08562 
    19,05647 
    14,613762 
    15,587095 
    14,453986 
    14,506738 
    14,352291 
    31,701926 
    18,115129 
    15,211574 
    28,175294 
    14,410001 
    29,832972 
    14,296975 
    14,575667 
    21,718602 
    14,399199 
    14,415829 
    14,421788 
    19,333589 
    14,413345 
    15,149957 
    16,281305 
    14,409551 
    26,729612 
    14,336757 
    32,192732 
    14,308249 
    15,529503 
    14,371429 
    19,239359 
    19,293809 
    14,85466 
    15,068381 
    14,763916 
    26,179343 
    15,18758 
    14,328408 
    14,190477 
    15,132713 
    14,676627 
    14,221811 
    15,302615 
    16,049221 
    14,550507 
    25,676306 
    16,592317 
    14,161256 
    15,090809 
    19,218129 
    13,924611 
    14,39974 
    14,367795 
    14,472741 
    14,662313 
    14,17181 
    33,535371 
    14,34399 
    14,347322 
    14,136469 
    19,320561 
    19,258779 
    15,368616 
    14,368453 
    14,375133 
    14,387668 
    16,20345 
    14,953962 
    14,422029 
    15,349726 
    14,454884 
    14,577822 
    14,320071 
    15,548068 
    14,545634 
    22,331681 
    17,694193 
    14,409508 
    14,316557 
    19,530513 
    14,612612 
    14,364915 
    14,193775 
    14,955806 
    14,736516 
    14,380766 
    15,714163 
    14,289814 
    16,227304 
    14,368192 
    20,491598 
    19,14796 
    14,101151 
    14,902821 
    14,385807 
    14,680191 
    14,356685 
    32,530038 
    15,816165 
    14,519318 
    14,525068 
    15,012981 
    14,51292 
    14,272511 
    14,35807 
    21,728117 
    16,201263 
    14,39494 
    14,015761 
    19,001788 
    14,326107 
    14,153679 
    16,69442 
    48,199441 
    16,861271 
    27,86562 
    14,379517 
    14,289976 
    16,761325 
    35,170249 
    18,963913 
    19,631885 
    14,359523 
    14,351292 
    14,949541 
    14,486154 
    14,538273 
    27,45346 
    15,492129 
    14,277604 
    14,222337 
    46,938648 
    14,993897 
    14,361911 
    29,916854 
    24,60479 
    14,192294 
    30,574945 
    14,273174 
    19,165182 
    15,64452 
    17,790215 
    14,935343 
    16,246374 
    14,185588 
    14,425055 
    14,224217 
    44,702684 
    14,507897 
    28,699967 
    19,264057 
    19,323774 
    14,332002 
    15,244433 
    14,448874 
    14,323775 
    14,673401 
    14,260531 
    14,150122 
    15,09409 
    15,301831 
    30,027458 
    14,423608 
    14,855092 
    15,893879 
    21,739951 
    25,939514 
    14,278129 
    14,313224 
    19,078634 
    31,30454 
    15,448647 
    14,216042 
    16,470024 
    37,836617 
    14,275261 
    14,537819 
    15,033785 
    14,43925 
    14,12272 
    19,244595 
    19,123874 
    15,012019 
    14,374828 
    14,175151 
    14,423293 
    14,43095 
    14,235585 
    46,008129 
    14,405199 
    14,215597 
    14,434119 
    15,368106 
    26,634998 
    14,620374 
    21,621108 
    14,252871 
    14,116697 
    43,20634 
    19,084635 
    14,039473 
    14,694985 
    14,269235 
    14,366032 
    14,314568 
    33,277592 
    34,219049 
    15,753787 
    14,347584 
    14,208069 
    19,164738 
    19,151099 
    26,232647 
    14,461126 
    14,507622 
    14,430874 
    14,168116 
    30,208024 
    15,862772 
    15,904545 
    14,754514 
    14,570987 
    15,825955 
    33,024677 
    15,774305 
    21,817583 
    14,646188 
    14,452232 
    30,738446 
    19,134158 
    14,368951 
    14,336191 
    16,262423 
    15,575131 
    15,223805 
    15,121709 
    15,88315 
    15,816831 
    14,192053 
    14,613817 
    19,276194 
    19,072853 
    14,412555 
    14,256211 
    16,279648 
    15,127032 
    27,82744 
    15,757256 
    16,090876 
    14,180934 
    14,970533 
    16,578743 
    14,307148 
    14,230315 
    14,718227 
    21,709515 
    14,87164 
    14,467773 
    17,302756 
    19,148597 
    15,663406 
    14,880858 
    15,105404 
    14,558367 
    14,640462 
    30,842794 
    14,128495 
    14,450279 
    30,980001 
    15,181254 
    19,167248 
    19,042372 
    17,18946 
    15,125169 
    14,321056 
    14,350249 
    14,394717 
    15,151455 
    14,283617 
    14,518085 
    14,619358 
    16,939911 
    14,736008 
    35,774233 
    15,392847 
    26,17818 
    24,13106 
    14,447292 
    15,423073 
    18,977497 
    14,347041 
    16,031562 
    14,095548 
    14,319732 
    14,33435 
    15,180905 
    14,804612 
    14,487248 
    14,509712 
    14,515064 
    19,096301 
    19,037726 
    15,425587 
    14,408282 
    16,860258 
    22,477989 
    32,959996 
    14,402721 
    27,083169 
    15,122367 
    14,652908 
    32,023819 
    15,022985 
    14,448424 
    14,59648 
    26,769845 
    32,977502 
    14,328001 
    14,309968 
    19,219928 
    15,107834 
    14,250399 
    29,180156 
    17,11472 
    15,55272 
    14,219202 
    15,448444 
    48,298311 
    14,670508 
    15,848239 
    19,216088 
    18,966144 
    16,145007 
    14,164111 
    34,032193 
    14,466243 
    14,229172 
    14,530527 
    15,327031 
    15,016006 
    14,583547 
    28,058117 
    14,449357 
    29,783352 
    15,243439 
    22,235101 
    15,846306 
    14,416055 
    26,844961 
    19,267681 
    14,476201 
    14,903525 
    14,369521 
    14,652555 
    15,200444 
    14,485236 
    35,614179 
    14,3346 
    15,765527 
    14,542899 
    19,071748 
    19,180101 
    16,919012 
    37,476663 
    14,546777 
    15,524458 
    14,180286 
    15,169345 
    36,256083 
    15,093136 
    15,305642 
    15,134971 
    14,829844 
    15,276205 
    15,498008 
    22,77807 
    14,372016 
    15,905579 
    15,32198 
    19,202698 
    14,41569 
    24,018162 
    15,092653 
    14,576167 
    15,308667 
    14,679097 
    14,872343 
    15,935145 
    15,174314 
    26,852117 
    19,70815 
    19,223276 
    31,02281 
    14,494875 
    25,034976 
    14,386485 
    17,208308 
    16,583551 
    14,373673 
    32,407211 
    16,69336 
    14,160181 
    15,146113 
    16,256056 
    14,607052 
    21,870936 
    15,085176 
    14,41589 
    30,513561 
    19,108394 
    45,525204 
    14,35643 
    14,227637 
    14,553914 
    14,247784 
    14,877716 
    28,278019 
    15,342113 
    26,475096 
    14,593975 
    19,188943 
    19,238192 
    15,589243 
    15,330352 
    14,308454 
    14,279218 
    15,618347 
    14,76003 
    14,529717 
    28,535913 
    14,854611 
    32,720453 
    33,001747 
    28,635444 
    14,440108 
    22,620855 
    47,282189 
    15,809041 
    16,8681 
    20,08631 
    14,125785 
    16,139004 
    14,109229 
    43,756235 
    14,30348 
    29,430086 
    14,258276 
    14,327297 
    14,577464 
    14,70613 
    19,127962 
    19,329126 
    14,410152 
    14,215233 
    16,616441 
    14,453717 
    14,4158 
    14,506901 
    14,639804 
    14,421521 
    14,238206 
    14,436158 
    14,415442 
    25,148427 
    14,095203 
    22,656971 
    28,233192 
    14,487357 
    14,332065 
    19,74913 
    20,016454 
    39,306694 
    14,535476 
    14,496461 
    14,222036 
    14,600443 
    14,561504 
    15,571862 
    14,36201 
    14,420504 
    19,768052 
    19,868378 
    14,375142 
    14,381665 
    14,662991 
    14,813565 
    14,228036 
    15,387674 
    14,069531 
    15,511399 
    15,509759 
    14,124311 
    15,958083 
    14,475843 
    14,418667 
    25,321241 
    14,47777 
    14,308117 
    15,217109 
    19,005255 
    26,752495 
    14,618874 
    30,099936 
    14,085361 
    15,244879 
    15,831076 
    15,342387 
    29,691296 
    15,421057 
    14,392393 
    19,14224 
    19,050964 
    15,527404 
    14,296665 
    14,491596 
    36,448593 
    15,388423 
    27,426621 
    13,966097 
    15,739025 
    16,392765 
    15,003655 
    14,336289 
    14,776618 
    14,255225 
    22,674405 
    26,947635 
    14,442701 
    17,936322 
    19,086315 
    29,232994 
    14,210268 
    29,913034 
    15,008864 
    16,600978 
    17,727736 
    14,281658 
    15,570635 
    53,635074 
    14,350408 
    20,653786 
    19,234987 
    14,32354 
    16,15579 
    15,500243 
    14,338695 
    26,128583 
    14,821401 
    16,40088 
    15,851587 
    14,5918 
    15,146435 
    14,585682 
    31,676924 
    14,162898 
    22,009614 
    15,166122 
    15,002901 
    14,527561 
    19,164044 
    14,551727 
    15,058623 
    16,01011 
    14,612411 
    14,61635 
    14,281736 
    16,271991 
    14,593831 
    16,198645 
    16,218405 
    19,220762 
    19,182954 
    14,997298 
    14,597937 
    16,769304 
    24,523514 
    14,458948 
    16,807112 
    14,082451 
    15,083584 
    15,186345 
    21,161321 
    14,122979 
    14,303692 
    14,526335 
    26,33111 
    14,06107 
    14,48917 
    48,904187 
    19,724308 
    14,307971 
    14,499596 
    24,879556 
    14,601141 
    14,455929 
    14,262168 
    14,184501 
    14,51316 
    14,415417 
    15,160633 
    18,940122 
    19,145825 
    30,265561 
    14,321142 
    29,644568 
    15,154014 
    27,652731 
    14,238672 
    14,49726 
    14,448637 
    14,422259 
    14,271058 
    15,235978 
    15,388668 
    15,125553 
    22,766023 
    14,31667 
    15,399602 
    14,411414 
    20,737969 
    30,099325 
    37,517194 
    35,727984 
    15,094553 
    16,722855 
    16,222695 
    14,340071 
    14,448586 
    14,231205 
    14,369586 
    19,118004 
    18,949064 
    16,700811 
    26,165988 
    14,97557 
    14,192317 
    16,120972 
    15,597985 
    30,481964 
    22,23315 
    31,619206 
    14,259334 
    14,295197 
    16,692078 
    15,341133 
    21,98473 
    32,938269 
    36,578653 
    13,999146 
    19,440635 
    30,928598 
    14,334257 
    14,30508 
    16,746921 
    14,437632 
    15,691171 
    13,953168 
    34,67058 
    14,672942 
    14,442154 
    19,361882 
    19,084822 
    29,790276 
    15,276351 
    15,801198 
    14,995067 
    14,697961 
    14,821286 
    16,127793 
    15,288602 
    14,412507 
    14,165679 
    15,094743 
    15,540207 
    14,463292 
    22,692834 
    14,627024 
    14,888225 
    26,513382 
    20,109779 
    14,288141 
    15,361478 
    24,075995 
    23,078327 
    15,56799 
    14,266619 
    14,378969 
    24,904925 
    16,249833 
    14,309109 
    19,088262 
    19,16708 
    15,00031 
    14,431092 
    16,488679 
    15,08377 
    17,476822 
    14,383224 
    14,164191 
    14,423 
    14,539186 
    14,231805 
    15,199946 
    14,809727 
    14,247472 
    22,059609 
    14,34137 
    44,39039 
    19,750142 
    19,43347 
    14,776907 
    41,620135 
    14,32119 
    14,565863 
    21,803736 
    15,311603 
    14,424692 
    22,897325 
    19,259544 
    14,286124 
    19,224744 
    19,234492 
    16,23344 
    30,367799 
    15,009628 
    14,097006 
    14,252872 
    14,260045 
    27,29554 
    14,415444 
    14,344626 
    16,153159 
    37,149453 
    14,30751 
    14,817947 
    25,759201 
    14,428268 
    15,597106 
    16,649931 
    19,053465 
    15,01439 
    16,294499 
    16,261903 
    27,749896 
    15,865627 
    29,835451 
    15,701572 
    14,240237 
    14,313892 
    15,231527 
    19,286879 
    19,115214 
    17,480437 
    28,54315 
    26,527415 
    15,357406 
    15,123335 
    14,412458 
    14,925203 
    14,527443 
    16,065853 
    25,381639 
    14,390471 
    16,424181 
    14,537528 
    22,493496 
    26,638127 
    14,981387 
    14,674615 
    19,340275 
    23,726263 
    14,993721 
    15,375734 
    15,572675 
    15,233265 
    32,811891 
    14,349426 
    14,453546 
    14,91237 
    14,343834 
    19,203854 
    19,165253 
    14,576035 
    14,345407 
    15,239177 
    14,413147 
    14,421934 
    15,685294 
    14,325687 
    14,722189 
    27,964793 
    15,301402 
    14,497743 
    14,268861 
    14,344738 
    22,624405 
    15,228597 
    15,032462 
    16,647381 
    19,184917 
    15,455542 
    14,494965 
    16,419981 
    14,345224 
    15,525915 
    14,732664 
    14,708886 
    16,681139 
    14,277683 
    16,135975 
    18,879344 
    19,039467 
    14,216736 
    36,728932 
    15,971335 
    15,251621 
    14,113528 
    14,284779 
    23,882226 
    14,228188 
    14,404698 
    14,204487 
    14,32191 
    14,589235 
    31,70081 
    22,280666 
    14,82573 
    14,347813 
    15,348201 
    20,110645 
    14,967257 
    27,878752 
    30,259235 
    31,461742 
    14,392739 
    24,115674 
    15,47127 
    25,101378 
    17,294484 
    14,302533 
    19,121568 
    19,077325 
    14,375126 
    15,491266 
    37,431637 
    24,785157 
    15,443541 
    14,308726 
    25,08656 
    15,39059 
    14,474635 
    30,139196 
    14,303176 
    16,617286 
    34,91939 
    22,883697 
    16,926857 
    15,207713 
    14,459632 
    19,211573 
    16,588552 
    17,136339 
    14,128796 
    14,448037 
    14,763092 
    15,061592 
    14,138197 
    15,290661 
    15,132411 
    15,667881 
    20,859247 
    19,149218 
    17,411248 
    15,14311 
    15,36516 
    14,311073 
    44,095955 
    14,789346 
    14,248788 
    14,368276 
    14,214912 
    14,081827 
    16,80109 
    14,564086 
    14,464735 
    22,585354 
    42,621489 
    14,957121 
    28,870679 
    19,194245 
    24,819005 
    14,535073 
    28,400909 
    16,21934 
    14,264397 
    14,394443 
    14,38978 
    23,02575 
    14,74057 
    15,616073 
    19,399878 
    19,195304 
    15,804963 
    15,089323 
    16,491607 
    58,40871 
    16,335783 
    14,494975 
    17,205385 
    16,829795 
    14,56901 
    14,319081 
    15,754525 
    14,379191 
    35,088625 
    22,255582 
    17,146883 
    14,354343 
    15,078622 
    19,282993 
    14,430394 
    14,757411 
    35,547518 
    15,563254 
    14,305719 
    14,196505 
    17,040777 
    14,680077 
    14,294634 
    16,001355 
    19,205526 
    19,003977 
    14,473402 
    15,133549 
    14,686223 
    14,393678 
    14,44983 
    27,326207 
    16,424319 
    27,805984 
    14,414983 
    14,519934 
    17,682383 
    33,002224 
    15,726495 
    21,994233 
    15,94023 
    15,3298 
    16,813871 
    19,55744 
    15,192594 
    29,878113 
    14,28853 
    14,45948 
    15,186475 
    16,909993 
    16,148421 
    30,814401 
    34,903357 
    29,500712 
    19,184039 
    19,068965 
    41,311699 
    14,293042 
    14,590673 
    40,304575 
    14,307918 
    15,138476 
    14,842039 
    41,09996 
    14,144493 
    28,065299 
    14,31471 
    15,154305 
    15,389519 
    22,272813 
    14,42902 
    14,186355 
    14,605059 
    18,958145 
    14,738581 
    16,353237 
    14,915498 
    14,551907 
    15,161619 
    13,921915 
    14,294967 
    44,185562 
    14,301701 
    17,813097 
    20,307782 
    20,515553 
    14,7381 
    15,686073 
    15,302456 
    15,412777 
    15,958851 
    14,334802 
    14,177362 
    16,866295 
    17,517852 
    15,51326 
    15,617343 
    14,51731 
    14,343227 
    23,312874 
    15,595295 
    14,490826 
    16,905432 
    19,424522 
    27,728077 
    16,644595 
    15,015879 
    14,997539 
    33,835843 
    13,852069 
    14,40162 
    15,385507 
    16,847363 
    28,351963 
    19,238894 
    20,089466 
    14,47649 
    15,252211 
    14,82532 
    15,867035 
    14,771156 
    16,235207 
    14,222493 
    14,930951 
    16,021833 
    28,915592 
    14,412208 
    15,501723 
    26,030035 
    30,963207 
    14,497468 
    14,645534 
    15,543092 
    19,240904 
    15,380288 
    14,409141 
    16,424211 
    14,494281 
    14,244668 
    16,029627 
    14,938637 
    14,522235 
    14,21544 
    14,129095 
    19,129827 
    19,26427 
    14,441769 
    15,231625 
    15,865172 
    15,16206 
    14,378649 
    16,169682 
    14,454618 
    14,409571 
    17,028719 
    27,98293 
    14,33484 
    15,066444 
    15,218212 
    22,190227 
    15,130788 
    32,551173 
    14,63781 
    18,844573 
    15,513152 
    37,056565 
    14,15218 
    14,405028 
    27,839677 
    25,920129 
    14,280385 
    16,523089 
    14,230391 
    15,33899 
    18,983052 
    19,181476 
    15,264933 
    15,306314 
    14,334728 
    15,616841 
    17,453676 
    15,709254 
    15,004719 
    31,809234 
    14,577815 
    15,463273 
    25,022356 
    14,853196 
    14,181803 
    23,289317 
    16,051242 
    14,555382 
    16,029823 
    20,021534 
    16,205418 
    29,529059 
    14,75888 
    15,385405 
    17,047432 
    14,2088 
    33,293397 
    15,363678 
    14,524474 
    14,172753 
    19,229652 
    20,01072 
    49,220846 
    14,372586 
    14,460046 
    15,475159 
    15,970556 
    14,923006 
    13,965262 
    14,429323 
    17,988814 
    14,293314 
    14,490101 
    15,18478 
    27,527786 
    22,741437 
    14,527506 
    14,269936 
    23,795238 
    18,836522 
    14,429803 
    14,60852 
    14,807616 
    14,672721 
    17,470405 
    14,136754 
    15,402393 
    14,523521 
    16,101882 
    16,261364 
    18,987418 
    20,061515 
    18,405218 
    14,740297 
    14,393604 
    15,673518 
    15,688155 
    14,283721 
    15,263981 
    14,813719 
    14,781878 
    14,040356 
    15,56339 
    16,165097 
    16,553173 
    22,501539 
    41,368574 
    14,389013 
    15,376696 
    19,495648 
    15,375099 
    14,204728 
    14,835536 
    17,53034 
    14,496732 
    16,354553 
    29,49628 
    15,35736 
    15,715557 
    18,294546 
    20,218073 
    19,189676 
    14,785779 
    27,208159 
    14,893648 
    13,969985 
    28,513487 
    16,365547 
    14,384831 
    14,840558 
    15,561835 
    13,879069 
    15,549371 
    48,467996 
    14,36062 
    22,982619 
    14,416221 
    14,623186 
    15,983924 
    19,166857 
    15,337167 
    14,334861 
    14,833805 
    16,035989 
    14,473097 
    15,167454 
    14,332002 
    15,90462 
    14,213987 
    14,867148 
    19,076522 
    19,16975 
    14,64067 
    15,546246 
    15,978041 
    15,685765 
    14,988504 
    14,336442 
    14,69146 
    16,187257 
    15,775322 
    15,208362 
    15,001065 
    14,433619 
    15,059708 
    38,869251 
    14,388002 
    16,085861 
    16,891401 
    19,149067 
    14,49714 
    16,348187 
    15,06344 
    17,134611 
    14,400629 
    15,043102 
    26,642734 
    44,465934 
    15,213699 
    29,373825 
    19,072802 
    19,625242 
    14,219609 
    14,477177 
    15,545138 
    15,69523 
    14,261603 
    17,151519 
    14,160823 
    15,103985 
    14,676237 
    14,455866 
    14,47359 
    15,584183 
    14,70442 
    22,621195 
    15,08018 
    28,501223 
    14,372671 
    19,080676 
    24,638953 
    13,999004 
    14,991893 
    28,120369 
    18,39559 
    15,005891 
    30,424065 
    16,122662 
    14,567473 
    14,353524 
    19,078059 
    20,025556 
    15,491169 
    15,04755 
    14,301704 
    15,244841 
    14,579064 
    14,4043 
    14,216364 
    14,907871 
    14,413755 
    16,347484 
    15,102192 
    14,355234 
    16,631818 
    22,948017 
    14,349284 
    14,491355 
    14,660338 
    19,144563 
    16,154948 
    15,794929 
    14,274066 
    17,150778 
    25,405323 
    16,243378 
    14,862064 
    15,384581 
    25,057254 
    14,607852 
    19,150993 
    18,968128 
    40,881501 
    14,441975 
    16,618833 
    17,010362 
    16,204295 
    14,506678 
    16,978832 
    40,24219 
    26,118603 
    16,250428 
    14,954953 
    14,777133 
    14,97549 
    22,489877 
    15,687066 
    14,418117 
    15,254557 
    20,013018 
    14,283529 
    14,795589 
    15,059708 
    31,563491 
    27,728952 
    14,348321 
    14,385497 
    14,535997 
    16,450687 
    32,590746 
    19,851708 
    19,074402 
    28,166614 
    14,432733 
    15,275156 
    14,247056 
    26,42256 
    16,278267 
    16,563422 
    24,766335 
    14,628724 
    28,500837 
    15,824965 
    18,208046 
    15,190465 
    22,25935 
    16,313197 
    14,087333 
    15,070501 
    19,150474 
    14,388308 
    14,611071 
    15,152023 
    14,421465 
    16,048093 
    15,497303 
    51,517969 
    14,341872 
    24,25879 
    15,082639 
    19,034109 
    19,093909 
    16,039384 
    26,931649 
    14,419839 
    14,485044 
    14,140873 
    15,012667 
    15,564607 
    14,462029 
    15,678973 
    31,865924 
    15,321453 
    14,466548 
    15,451972 
    22,588119 
    16,376279 
    14,442912 
    15,380595 
    20,077671 
    14,914434 
    29,417832 
    14,982826 
    30,681468 
    15,259544 
    15,079943 
    14,215049 
    34,454021 
    23,833132 
    44,149491 
    18,982982 
    19,284144 
    14,473219 
    15,765114 
    14,227805 
    16,614043 
    41,768143 
    14,901993 
    15,408836 
    14,140149 
    15,731633 
    14,345219 
    14,684929 
    14,396729 
    25,49067 
    32,526365 
    15,784023 
    14,472312 
    31,739215 
    19,232878 
    24,260315 
    14,525182 
    17,184055 
    14,987928 
    16,724047 
    54,676527 
    14,442214 
    15,240322 
    14,530045 
    16,538498 
    19,146745 
    19,035134 
    14,262196 
    14,270118 
    14,101214 
    15,148342 
    14,394053 
    16,855864 
    32,006223 
    14,244934 
    14,254741 
    14,332202 
    17,91451 
    16,642174 
    14,251983 
    23,038183 
    33,812533 
    14,420382 
    15,354201 
    19,27803 
    31,110086 
    27,829379 
    14,126155 
    14,840497 
    14,646424 
    15,453319 
    14,63845 
    14,420654 
    17,700708 
    14,369441 
    18,970353 
    19,206025 
    28,640935 
    14,612051 
    29,177445 
    14,173803 
    14,421134 
    15,986816 
    15,83173 
    14,312375 
    15,977527 
    14,877315 
    14,455695 
    14,224758 
    14,494994 
    22,759613 
    14,327535 
    14,017426 
    14,388582 
    20,848411 
    14,45587 
    14,837911 
    14,087136 
    14,469688 
    17,744249 
    16,949903 
    14,918804 
    14,546097 
    14,506004 
    14,655162 
    19,099343 
    19,395996 
    15,122609 
    14,346766 
    14,870678 
    14,251997 
    14,402498 
    15,111516 
    14,849371 
    14,841362 
    14,248416 
    14,850032 
    18,542601 
    14,258308 
    14,396742 
    22,763043 
    14,320866 
    14,82151 
    14,951387 
    19,120358 
    14,617826 
    14,406874 
    16,061359 
    15,409838 
    15,250191 
    41,630319 
    14,270902 
    14,179589 
    14,316589 
    14,19828 
    19,029932 
    19,442075 
    46,787832 
    14,702559 
    37,644549 
    15,566892 
    17,455996 
    14,479429 
    15,109327 
    15,595806 
    15,69133 
    15,200042 
    14,585168 
    15,565673 
    14,403221 
    22,513896 
    17,375177 
    15,166224 
    31,254833 
    18,882581 
    18,633 
    14,029044 
    14,088379 
    14,013459 
    14,201976 
    14,240624 
    15,715321 
    14,273749 
    14,247997 
    15,1343 
    19,318584 
    19,000136 
    14,39031 
    33,750521 
    14,526512 
    15,495481 
    14,349847 
    15,810726 
    15,148025 
    15,997632 
    14,649435 
    17,590563 
    16,449866 
    14,385823 
    14,241631 
    22,458434 
    36,195071 
    15,430351 
    16,17912 
    19,115691 
    14,303763 
    14,737304 
    15,564352 
    15,540941 
    16,117343 
    15,962134 
    14,582378 
    14,443033 
    15,142986 
    25,706609 
    19,266414 
    19,09701 
    27,30404 
    14,54148 
    15,557162 
    28,605735 
    15,32359 
    15,406254 
    14,215881 
    15,21875 
    15,130334 
    24,970292 
    29,987486 
    15,608138 
    15,060374 
    22,375521 
    14,488082 
    39,281044 
    14,243569 
    19,131695 
    24,383448 
    15,126035 
    15,127097 
    14,634479 
    15,784886 
    14,147549 
    15,197692 
    17,108786 
    51,060841 
    14,803784 
    19,218267 
    19,099433 
    16,866136 
    19,556223 
    27,326039 
    16,423077 
    29,39099 
    29,867572 
    14,926605 
    15,549992 
    15,731203 
    46,659346 
    27,723219 
    18,496466 
    14,62902 
    22,771964 
    14,371986 
    15,997103 
    14,355507 
    18,972551 
    14,142078 
    15,250397 
    15,607384 
    52,42529 
    15,488476 
    14,222982 
    14,452056 
    15,676702 
    24,135418 
    15,139037 
    19,180148 
    19,263117 
    14,416246 
    14,491714 
    14,734758 
    15,002423 
    28,115413 
    15,545934 
    15,406969 
    14,480444 
    15,018504 
    14,679518 
    15,341037 
    15,442176 
    14,904356 
    56,249456 
    14,18587 
    17,341654 
    16,276209 
    19,008738 
    14,62085 
    14,330926 
    15,375029 
    42,640292 
    14,670114 
    14,216313 
    14,61477 
    14,460362 
    14,21397 
    15,236655 
    19,342718 
    19,268111 
    15,858477 
    16,434813 
    14,454705 
    24,241192 
    14,521922 
    14,644122 
    42,099316 
    15,13475 
    14,440032 
    16,066946 
    14,490728 
    14,631643 
    14,336805 
    22,816586 
    14,201406 
    15,402261 
    14,391381 
    20,383102 
    16,971104 
    14,454903 
    17,501261 
    15,70753 
    41,433232 
    14,321617 
    14,252835 
    16,842369 
    14,246496 
    15,262424 
    19,099984 
    19,032702 
    14,557167 
    19,146097 
    15,421502 
    16,157024 
    42,734192 
    16,064565 
    15,000446 
    14,468306 
    16,146226 
    27,733099 
    28,115856 
    15,186238 
    15,148993 
    22,899685 
    32,15962 
    16,804335 
    15,368093 
    19,075284 
    14,88466 
    15,123321 
    14,199036 
    14,670255 
    15,289194 
    16,029416 
    35,025993 
    46,128571 
    15,300325 
    14,776208 
    19,12721 
    19,143006 
    14,14369 
    14,305697 
    14,425148 
    14,770075 
    14,554698 
    14,055529 
    14,921255 
    14,515403 
    16,376892 
    14,369274 
    15,719731 
    14,758998 
    15,812655 
    27,477742 
    16,333534 
    13,848218 
    14,689532 
    19,335124 
    16,555872 
    14,752423 
    14,23711 
    16,477943 
    15,209401 
    15,474901 
    16,930403 
    15,997627 
    14,197051 
    15,364219 
    19,225574 
    19,513147 
    14,538888 
    14,373821 
    30,27177 
    15,705559 
    15,199555 
    16,435519 
    16,423317 
    14,38622 
    14,445132 
    14,200813 
    15,635893 
    14,594176 
    15,527692 
    22,713665 
    17,795043 
    14,954327 
    15,287059 
    18,995505 
    15,410791 
    14,9027 
    15,655247 
    14,320809 
    15,10906 
    14,950058 
    14,623368 
    15,749046 
    15,0129 
    14,292192 
    19,176728 
    19,321853 
    25,238229 
    14,973168 
    29,019924 
    15,101564 
    32,190854 
    15,12805 
    15,310686 
    14,567712 
    14,738886 
    14,113703 
    15,128542 
    15,045965 
    36,777522 
    22,911601 
    15,087693 
    15,251654 
    27,185722 
    19,205386 
    14,536624 
    14,735984 
    16,920215 
    14,284131 
    14,477485 
    17,324996 
    14,4375 
    15,030023 
    14,548539 
    14,380842 
    19,16139 
    19,157195 
    14,282653 
    15,738307 
    14,224515 
    15,129992 
    14,855211 
    14,782499 
    18,463649 
    14,291812 
    23,882584 
    16,585119 
    30,749745 
    14,528517 
    14,422518 
    23,322643 
    15,605468 
    16,072978 
    29,79337 
    19,155987 
    14,873653 
    14,706658 
    14,10708 
    15,090135 
    14,368712 
    14,807116 
    14,502317 
    14,188544 
    15,765218 
    31,444601 
    19,007798 
    19,121053 
    14,6649 
    15,906804 
    14,954072 
    27,040973 
    14,558924 
    15,589021 
    14,562478 
    14,463871 
    15,405818 
    18,072875 
    15,242903 
    15,057925 
    15,585987 
    22,90137 
    14,273848 
    14,538552 
    14,325204 
    19,139527 
    14,381025 
    16,27954 
    15,782791 
    16,165466 
    14,547276 
    16,65584 
    14,914532 
    15,974999 
    29,19167 
    15,675466 
    19,928713 
    20,394027 
    14,433675 
    15,013476 
    14,267847 
    15,334926 
    16,073095 
    25,567713 
    14,4178 
    14,476163 
    15,384615 
    15,082646 
    15,173502 
    14,368966 
    16,202764 
    43,158495 
    15,042629 
    15,772313 
    31,121998 
    19,143129 
    17,665989 
    15,017048 
    15,064482 
    15,39788 
    27,868524 
    14,96785 
    14,314795 
    30,863717 
    16,692885 
    14,360814 
    19,24512 
    19,181282 
    15,64162 
    14,336132 
    15,59866 
    15,695305 
    14,921278 
    14,362172 
    15,808446 
    17,200568 
    14,468074 
    17,125612 
    14,184122 
    14,272673 
    14,815127 
    22,924689 
    15,108856 
    14,381702 
    14,14546 
    19,026393 
    16,619421 
    17,327007 
    19,232904 
    14,201831 
    15,030673 
    14,47291 
    14,650656 
    14,308491 
    15,937159 
    14,536304 
    18,943803 
    19,986966 
    14,540909 
    15,984175 
    29,868689 
    14,350544 
    14,462016 
    14,239082 
    14,317017 
    14,338027 
    14,826522 
    17,049489 
    15,086852 
    15,314628 
    15,33727 
    22,805384 
    15,124833 
    15,224159 
    14,385545 
    27,0691 
    42,795216 
    15,471178 
    14,9623 
    14,263374 
    14,288717 
    14,280269 
    15,513949 
    14,105095 
    14,747557 
    15,777945 
    18,944204 
    19,736529 
    14,03695 
    15,252553 
    42,43999 
    15,384402 
    26,524128 
    14,462658 
    33,370767 
    14,811509 
    15,613176 
    15,933932 
    14,431931 
    32,290009 
    15,546242 
    22,770193 
    16,18409 
    25,452737 
    15,438364 
    19,177383 
    15,34186 
    15,606539 
    14,228324 
    15,024951 
    14,208891 
    15,533144 
    14,9216 
    14,825755 
    15,330758 
    16,160215 
    20,006674 
    19,449671 
    15,315382 
    14,327431 
    20,394322 
    14,223927 
    14,614983 
    23,781328 
    14,836376 
    15,121276 
    15,314765 
    14,93604 
    14,381829 
    16,015584 
    14,249272 
    22,570341 
    14,477502 
    14,34465 
    16,841439 
    19,025905 
    15,751943 
    14,242472 
    28,732228 
    15,841657 
    14,591542 
    14,989164 
    25,278272 
    27,068978 
    15,137541 
    14,914167 
    19,176929 
    19,197671 
    15,377275 
    28,722798 
    14,303645 
    14,636128 
    14,423078 
    15,872262 
    14,349345 
    14,744338 
    14,477199 
    26,56164 
    14,327183 
    15,074418 
    14,643496 
    51,149095 
    15,94095 
    15,849418 
    15,084075 
    19,227941 
    14,406977 
    14,738773 
    15,277597 
    16,257093 
    14,514863 
    14,309193 
    14,374375 
    28,107018 
    27,758117 
    14,457681 
    18,867964 
    19,052169 
    14,543772 
    14,566783 
    14,604884 
    14,818757 
    14,225389 
    14,360037 
    15,271308 
    17,116926 
    14,218803 
    22,692973 
    14,265851 
    25,332351 
    14,107195 
    23,462571 
    16,100537 
    16,957628 
    15,344418 
    19,090631 
    14,071764 
    14,28189 
    15,42284 
    31,326155 
    14,793875 
    14,631984 
    15,478652 
    14,346567 
    14,972339 
    14,392054 
    19,161735 
    19,125621 
    25,835545 
    17,663248 
    14,500888 
    14,227176 
    14,563586 
    16,106398 
    14,317079 
    16,662387 
    14,582922 
    16,56458 
    14,562725 
    14,888278 
    15,776903 
    34,910544 
    14,722123 
    15,412 
    14,270934 
    19,109898 
    15,249466 
    29,566151 
    14,529978 
    14,652875 
    14,6936 
    14,62268 
    15,000671 
    30,677425 
    14,42992 
    14,460654 
    20,440998 
    19,384674 
    14,358035 
    31,792172 
    14,646972 
    15,582387 
    16,724339 
    14,971696 
    14,291112 
    29,534528 
    15,807967 
    16,383053 
    14,518716 
    15,152096 
    16,087904 
    22,919566 
    14,648908 
    32,321262 
    14,254329 
    19,208098 
    15,004323 
    14,327067 
    14,981502 
    14,454953 
    27,660734 
    14,320252 
    14,366072 
    14,335502 
    14,268453 
    15,282719 
    19,033309 
    19,234991 
    33,024077 
    14,433727 
    15,443966 
    31,257012 
    15,135644 
    14,30747 
    14,906619 
    14,39992 
    14,454911 
    27,131143 
    16,087287 
    17,415629 
    16,765342 
    27,379489 
    14,38162 
    29,595585 
    14,258064 
    19,114177 
    14,611451 
    15,405737 
    15,771172 
    14,158509 
    16,383047 
    15,589884 
    14,10408 
    26,804975 
    14,37074 
    39,360035 
    18,966331 
    19,131252 
    16,665733 
    14,278366 
    14,526248 
    14,378875 
    15,180642 
    16,254147 
    15,496421 
    14,282647 
    14,460592 
    17,874378 
    14,250122 
    14,500378 
    42,545646 
    22,849253 
    28,439607 
    14,730587 
    14,988199 
    18,85382 
    15,171348 
    37,626619 
    14,995873 
    15,921676 
    14,197286 
    34,148097 
    14,204724 
    26,210576 
    27,21586 
    14,347118 
    19,423011 
    18,949177 
    15,315052 
    16,296948 
    36,555135 
    15,104557 
    14,435343 
    15,668362 
    27,46594 
    30,485255 
    29,215933 
    29,051109 
    14,274121 
    16,170129 
    16,740016 
    23,242686 
    15,349762 
    15,450457 
    15,3088 
    18,999847 
    16,571464 
    14,606415 
    16,57872 
    16,957453 
    15,311903 
    14,026866 
    29,616754 
    15,251438 
    16,13867 
    14,36423 
    19,374705 
    19,094078 
    15,188389 
    15,147723 
    15,687266 
    14,276541 
    15,084149 
    14,33213 
    14,832463 
    15,609397 
    14,19895 
    15,797747 
    29,531821 
    14,330068 
    15,925565 
    37,382302 
    14,292167 
    14,590308 
    14,399354 
    18,969108 
    14,286238 
    32,645996 
    29,419528 
    27,077749 
    15,438386 
    14,893457 
    14,404489 
    14,183198 
    15,969512 
    16,830622 
    19,275538 
    19,12814 
    14,724427 
    14,871295 
    17,373157 
    15,229088 
    14,217616 
    14,924724 
    15,014802 
    14,377822 
    14,477533 
    14,428168 
    15,606148 
    14,47746 
    14,98084 
    46,685634 
    34,986898 
    14,940238 
    15,99199 
    19,123091 
    15,525711 
    15,330838 
    31,542342 
    15,70805 
    15,906067 
    14,341218 
    31,747962 
    14,44384 
    14,949021 
    16,48278 
    19,134507 
    19,095177 
    14,456136 
    14,635079 
    14,546442 
    15,642653 
    17,150827 
    15,300026 
    15,211005 
    14,548722 
    14,548629 
    14,922869 
    15,731838 
    14,822844 
    33,060842 
    23,153925 
    14,34367 
    14,776553 
    15,520346 
    19,227105 
    14,473414 
    14,371239 
    14,457135 
    14,507429 
    14,66135 
    17,613084 
    14,65454 
    15,236036 
    16,549176 
    23,175731 
    20,751363 
    19,154948 
    14,254737 
    48,649124 
    14,368616 
    30,134767 
    15,435902 
    45,945235 
    14,94717 
    16,258274 
    14,920904 
    15,944764 
    14,669318 
    14,398483 
    15,075219 
    26,758505 
    14,838343 
    15,297271 
    16,666768 
    19,088687 
    15,587927 
    14,274159 
    14,200348 
    16,162771 
    15,054463 
    14,773365 
    38,006612 
    16,846619 
    15,172824 
    15,349667 
    19,049984 
    19,05276 
    15,589631 
    14,400233 
    17,136898 
    35,611993 
    14,134464 
    25,946919 
    14,256391 
    15,515687 
    26,250052 
    25,375494 
    14,814466 
    14,255499 
    17,311321 
    24,081049 
    14,454267 
    14,526435 
    15,093513 
    20,114935 
    15,079774 
    16,177386 
    14,271322 
    15,381483 
    15,138928 
    15,164946 
    15,017889 
    17,05941 
    14,390308 
    36,583579 
    20,12454 
    19,168713 
    14,275504 
    15,285566 
    24,47052 
    15,051857 
    17,090882 
    14,350133 
    14,87374 
    15,224876 
    44,007883 
    14,136154 
    15,196604 
    28,377532 
    14,670156 
    36,07801 
    14,999316 
    14,469005 
    15,082767 
    19,174231 
    15,044721 
    14,402277 
    14,196586 
    15,392762 
    15,062324 
    14,126763 
    29,096899 
    14,326112 
    15,958854 
    31,732399 
    19,922773 
    19,132355 
    14,450627 
    14,340704 
    14,688233 
    14,111059 
    14,943404 
    29,163627 
    14,013376 
    14,668433 
    15,719161 
    16,525362 
    35,435052 
    15,516461 
    14,930437 
    23,05395 
    23,86638 
    15,895754 
    15,135631 
    19,221141 
    14,181933 
    15,297437 
    16,914574 
    15,228255 
    14,499111 
    14,275122 
    14,413168 
    15,729807 
    16,039627 
    14,521213 
    19,226091 
    19,250975 
    15,608287 
    14,201334 
    14,468067 
    14,533538 
    15,378424 
    14,786487 
    28,360846 
    15,00119 
    14,712869 
    15,628355 
    15,484643 
    15,964116 
    43,793556 
    23,300391 
    15,727242 
    16,014631 
    15,333433 
    19,256736 
    26,096488 
    15,338688 
    27,556706 
    25,367138 
    15,196816 
    14,866537 
    14,240401 
    14,53832 
    14,275234 
    14,386008 
    18,985812 
    18,981231 
    16,85569 
    14,319109 
    14,276344 
    15,683361 
    14,664094 
    30,078746 
    17,985034 
    14,400327 
    14,273207 
    14,240431 
    15,066389 
    15,392784 
    16,585173 
    22,988926 
    14,563429 
    15,02495 
    14,218024 
    19,092909 
    15,272391 
    14,726361 
    16,836 
    15,945228 
    23,385227 
    14,336458 
    15,508077 
    29,72303 
    14,557522 
    16,327094 
    18,998624 
    19,247324 
    14,284947 
    16,101663 
    15,29688 
    15,475541 
    14,447154 
    15,1196 
    14,370593 
    15,473121 
    14,578697 
    25,367892 
    14,680545 
    32,195149 
    17,676329 
    23,752425 
    31,727066 
    14,44937 
    25,71512 
    19,027463 
    15,804591 
    15,152474 
    15,680791 
    15,097708 
    15,139652 
    14,239793 
    29,433249 
    14,220982 
    14,345008 
    15,70519 
    19,074231 
    19,127521 
    14,869825 
    14,429198 
    14,224981 
    23,845134 
    34,748743 
    31,540194 
    15,251552 
    14,590227 
    14,337834 
    14,415847 
    14,104407 
    15,125727 
    15,413875 
 node-slug: 
 node-stream-spigot: 
34,267576 
33,538198 
34,033412 
32,81785 
33,901255 
34,087475 
34,324808 
34,188137 
33,249139 
34,582306 
33,101171 
35,448358 
34,596839 
35,101368 
33,374619 
34,067169 
33,584004 
33,871839 
34,302717 
34,263288 
34,202434 
35,572979 
34,38589 
33,543728 
34,539387 
34,199025 
33,050843 
33,159543 
33,54631 
33,930702 
33,070243 
33,012696 
34,212912 
34,528791 
33,404099 
33,80402 
33,385055 
33,780552 
34,18676 
35,211924 
32,707013 
33,010576 
33,48595 
32,795844 
33,747993 
34,881646 
33,525236 
34,313283 
33,573819 
32,964848 
33,481389 
33,536699 
34,994883 
33,085131 
33,59378 
33,870357 
33,846412 
34,024854 
32,838109 
33,414129 
33,231649 
33,097469 
37,937276 
33,438446 
33,380989 
32,813956 
33,834785 
33,861591 
35,125076 
33,578141 
33,82017 
34,237094 
37,766757 
33,835487 
33,151412 
33,6308 
35,342976 
36,79971 
33,258108 
33,708739 
34,189655 
33,385061 
33,008674 
33,068186 
35,055237 
33,264936 
34,173665 
33,852074 
33,358085 
33,886081 
34,281284 
33,602827 
33,464939 
34,12163 
33,222788 
33,428598 
33,223522 
33,426878 
33,54547 
33,703395 
32,531304 
 normalize-pkg: 
236,201785 
258,552286 
246,679059 
261,61637 
238,352475 
240,491509 
238,659102 
252,055784 
239,996709 
245,091451 
244,716565 
247,651846 
242,067791 
239,736888 
239,845764 
243,631918 
236,38883 
237,225272 
239,160889 
251,938442 
244,804687 
251,451289 
241,163951 
239,673995 
248,261839 
241,949388 
239,329837 
252,412273 
243,188914 
243,9834 
245,912632 
245,999075 
244,415587 
249,370879 
243,421051 
248,238698 
244,124814 
253,330952 
238,82239 
242,014731 
242,447928 
244,225244 
241,382378 
247,35556 
257,100831 
242,58296 
242,37269 
232,654894 
235,78149 
237,636291 
240,381166 
248,520586 
243,350673 
239,84951 
240,721275 
244,136295 
245,965486 
244,229334 
246,095753 
239,274841 
262,96503 
267,152534 
247,025129 
245,909245 
239,506645 
239,42631 
234,83839 
244,52453 
240,991036 
254,464185 
232,339326 
241,928426 
256,575273 
241,699654 
240,228179 
243,113005 
231,817063 
244,776838 
244,264119 
240,585058 
245,220464 
236,832513 
245,13178 
243,585569 
246,147331 
249,447346 
239,093443 
251,145593 
238,135813 
238,420092 
239,379877 
253,936314 
251,541054 
250,477574 
235,006354 
238,008286 
243,734521 
242,828955 
253,243763 
248,209023 
249,530115 
 not-defined: 
23,805715 
23,545911 
24,164953 
23,807483 
23,77375 
23,785268 
23,604038 
23,522416 
23,473709 
24,60382 
23,903973 
23,704233 
24,224431 
23,572383 
23,87623 
23,722224 
23,772537 
23,745607 
24,22445 
24,84154 
23,668047 
24,061138 
23,558316 
23,66638 
23,715769 
24,097874 
23,766178 
23,861335 
23,478237 
23,931585 
24,026657 
23,596116 
23,542887 
24,205459 
23,548858 
24,204418 
23,963031 
23,964326 
24,050419 
23,497551 
23,995988 
23,788173 
23,893239 
23,623588 
23,975378 
25,184413 
23,485714 
24,03225 
24,374849 
23,798959 
23,973265 
23,494283 
23,851101 
23,73407 
23,917452 
23,462907 
24,196346 
23,888904 
23,558805 
24,096665 
23,328373 
23,806662 
23,653342 
23,484153 
24,091158 
23,781114 
23,986296 
23,651755 
23,882832 
23,939465 
24,142211 
24,193144 
24,025251 
23,832849 
23,540342 
23,514476 
23,613254 
23,823608 
24,018271 
23,911718 
23,779182 
23,868841 
23,774368 
24,209416 
23,844353 
23,738017 
23,941093 
23,941893 
24,020059 
24,069869 
23,762938 
24,35527 
24,036217 
23,714365 
23,972001 
24,04597 
24,53807 
23,592823 
23,960575 
23,680089 
23,977289 
 once: 
    296,996887 
    304,736757 
    308,869314 
    299,949869 
    296,505626 
    306,203345 
    304,201248 
    300,49926 
    302,200304 
    313,058975 
    300,146261 
    293,832892 
    305,10247 
    315,549088 
    301,293248 
    304,999149 
    315,521727 
    311,027179 
    304,107369 
    308,773333 
    302,403456 
    310,549906 
    311,404798 
    299,402163 
    300,933428 
    303,414962 
    318,319823 
    298,523564 
    312,617182 
    306,612522 
    315,795543 
    304,069508 
    309,101665 
    299,922829 
    308,314322 
    310,330681 
    292,623922 
    301,771604 
    306,817149 
    303,904614 
    300,924328 
    299,133157 
    295,138416 
    303,93189 
    299,300869 
    316,085108 
    297,669012 
    303,26061 
    304,051555 
    302,333152 
    305,230457 
    297,490843 
    302,317022 
    295,718761 
    302,735751 
    295,872478 
    304,571487 
    310,564631 
    304,274451 
    298,658334 
    296,135253 
    314,004802 
    307,08608 
    316,436106 
    305,675578 
    294,984812 
    301,260712 
    302,847053 
    309,203225 
    301,966148 
    313,597805 
    302,463158 
    303,864782 
    300,465314 
    303,638558 
    307,850043 
    303,069075 
    299,838299 
    296,839217 
    300,273301 
    295,439555 
    315,429575 
    311,371904 
    305,112601 
    310,807551 
    299,620829 
    300,367222 
    304,995997 
    321,009708 
    304,422346 
    302,023938 
    315,924731 
    298,732062 
    304,605437 
    303,003506 
    310,295602 
    314,258986 
    299,283674 
    304,197522 
    301,229997 
 pad-left: 
36,371118 
36,798878 
36,442861 
36,429888 
36,88229 
36,65245 
36,200836 
36,450858 
36,82423 
36,459926 
36,82145 
36,872233 
36,833702 
36,469615 
36,494385 
36,782661 
37,075129 
36,911961 
36,656879 
36,401996 
36,846883 
36,89898 
36,574759 
36,429312 
36,566689 
36,414001 
36,512846 
36,910221 
36,692503 
37,007458 
37,099079 
36,543951 
36,702149 
37,0493 
36,747295 
37,076739 
36,459748 
36,660337 
37,201304 
37,148561 
36,460758 
36,576015 
36,133785 
36,896384 
36,630464 
36,728173 
36,532773 
37,412288 
37,950846 
36,67908 
37,202369 
37,088944 
36,579903 
37,413389 
36,724301 
36,910579 
36,577387 
36,953881 
36,418994 
36,428652 
36,772903 
36,719432 
36,958848 
37,008008 
36,91393 
36,590502 
37,798358 
36,126859 
36,296512 
36,433465 
37,23062 
37,323456 
37,300832 
37,023303 
36,532417 
36,801128 
36,586908 
36,701859 
36,925289 
36,924495 
36,40218 
36,57194 
36,627065 
37,424473 
36,158604 
37,199225 
37,204787 
37,416763 
37,543178 
37,19838 
37,193708 
36,648157 
36,659461 
36,722427 
36,813919 
37,017918 
36,351427 
36,830292 
37,003717 
36,66085 
36,316855 
 pad-left-simple: 
36,199103 
36,625829 
36,740993 
37,023182 
36,319937 
36,180768 
37,285264 
37,500555 
38,23268 
36,837314 
43,943286 
36,576246 
36,99233 
36,839647 
42,79389 
37,656682 
36,521794 
38,154511 
36,683821 
37,994809 
42,062176 
37,193279 
37,302893 
37,628048 
36,344328 
36,778041 
36,546553 
36,623656 
36,730732 
36,214871 
36,949587 
37,761265 
37,581723 
43,942329 
36,669728 
37,269714 
36,734462 
37,183223 
36,395956 
36,865586 
37,311732 
36,387037 
38,114473 
42,257291 
38,193317 
36,480245 
36,799155 
36,734438 
37,066046 
36,928964 
42,605927 
37,537513 
36,151874 
36,657101 
37,99298 
41,974793 
42,491307 
36,892394 
36,8667 
36,006735 
36,572955 
38,543206 
36,750187 
37,828738 
36,799922 
36,875795 
38,646593 
37,542977 
37,077037 
36,234049 
37,970563 
36,705948 
37,836588 
36,100749 
36,136593 
36,705895 
36,787196 
36,147612 
36,881623 
36,66355 
36,915601 
37,953263 
37,13698 
36,454476 
37,780959 
37,176381 
36,949075 
36,469597 
37,470141 
42,421805 
36,546801 
35,653099 
36,680383 
36,585843 
44,435403 
37,057888 
37,608915 
38,986228 
43,995785 
36,641121 
37,533898 
 parse-next-json-value: 
116,316277 
122,290034 
126,246842 
127,878563 
120,683016 
125,680577 
124,333436 
126,727887 
127,521678 
125,88978 
125,730039 
123,826374 
123,749228 
123,741082 
125,356102 
131,022155 
125,462271 
124,148088 
125,921261 
123,111965 
124,159132 
128,33109 
121,971594 
126,438703 
127,090044 
127,748372 
122,535229 
124,058804 
124,758088 
126,064567 
124,671841 
126,536514 
123,008434 
124,007504 
123,433552 
129,117984 
127,19098 
122,123643 
125,344721 
121,965172 
128,701293 
132,698364 
127,709104 
123,999831 
127,434226 
124,732201 
125,761186 
121,783414 
124,639024 
131,647504 
127,511439 
131,232944 
124,931325 
120,917653 
127,487343 
124,479942 
124,846344 
124,869612 
125,256391 
122,371393 
128,493093 
124,924507 
128,377606 
124,070856 
128,781798 
129,136184 
123,033873 
124,75445 
126,197328 
128,737411 
124,876635 
124,278365 
123,810442 
129,58221 
123,587741 
123,400592 
126,139148 
124,946789 
121,827679 
124,958745 
127,602875 
123,784061 
123,674089 
124,588403 
124,054698 
133,986775 
127,067191 
136,242515 
127,147915 
128,661407 
125,375361 
128,41252 
125,35729 
123,925935 
125,963924 
126,119631 
122,804919 
127,37689 
125,550815 
125,126528 
126,658671 
 periods: 
25,011391 
24,703544 
25,176712 
25,008292 
25,096225 
25,072962 
25,328641 
25,11192 
25,045993 
25,127978 
24,548159 
25,636024 
25,101465 
31,475821 
24,999103 
24,739027 
24,725707 
24,761514 
24,791313 
25,226534 
25,316887 
25,038948 
24,815158 
24,618499 
25,341698 
25,261565 
24,35514 
24,899248 
24,842593 
24,97687 
25,212294 
25,350327 
24,838813 
25,334328 
25,136202 
24,749907 
24,860284 
24,897964 
25,198312 
24,990511 
24,999646 
25,241693 
25,2648 
25,238592 
24,833108 
25,191196 
25,039984 
24,8517 
25,215967 
24,889314 
25,338993 
25,484227 
25,189907 
25,138163 
25,169487 
25,241303 
26,173777 
25,437198 
25,163142 
24,996484 
25,216713 
24,920764 
25,253564 
25,123995 
25,06508 
24,684143 
25,38008 
25,604444 
24,428058 
25,685972 
25,107247 
24,584185 
25,066745 
24,765959 
25,149073 
25,031758 
25,303516 
25,387857 
25,04429 
25,386826 
25,0866 
25,118378 
24,717815 
25,247992 
24,856269 
24,825982 
25,158507 
24,994575 
25,057355 
24,656428 
25,301718 
25,037075 
25,391149 
24,947671 
25,11136 
25,249357 
24,836495 
25,335014 
24,913309 
24,826305 
24,798632 
 property-validator: 
286,483808 
281,057516 
299,555676 
284,062612 
297,534719 
286,413454 
288,247804 
284,99884 
287,395072 
283,280287 
289,214557 
290,185586 
286,019308 
285,080712 
285,510651 
288,82462 
286,53041 
286,059798 
290,119279 
286,906934 
284,844772 
284,526548 
287,81009 
301,096683 
286,687613 
283,432149 
289,347485 
285,730662 
282,853319 
287,344245 
288,657299 
285,344931 
292,746461 
288,411968 
284,653353 
289,605739 
285,228872 
284,871913 
284,77523 
285,144394 
287,208259 
285,305602 
284,372777 
286,767564 
285,420557 
288,166976 
287,853296 
286,102432 
284,951047 
285,999696 
288,894978 
284,117468 
284,215024 
285,678544 
285,433993 
286,592237 
286,937051 
284,179041 
284,515197 
284,073825 
285,737152 
284,57189 
285,767361 
285,999607 
294,516849 
284,477935 
285,65641 
284,670301 
283,851858 
283,897423 
284,649609 
285,146943 
290,112557 
285,818809 
286,444275 
285,651366 
283,046773 
285,030843 
284,232728 
287,1676 
288,522981 
285,641876 
286,552859 
286,650375 
283,544347 
285,768481 
292,227938 
285,759286 
288,92217 
286,291106 
287,728138 
284,669658 
282,952231 
284,872999 
283,702709 
285,241154 
283,530212 
283,966001 
284,436144 
287,720795 
286,435497 
 rimraf: 
    17,178687 
    16,554056 
    13,691287 
    13,777447 
    16,518199 
    13,738215 
    13,76915 
    16,564064 
    13,700196 
    13,819253 
    16,596005 
    13,718282 
    13,786399 
    16,466709 
    13,708099 
    13,794528 
    16,603195 
    13,766179 
    13,810952 
    16,630787 
    13,618483 
    13,693183 
    16,465088 
    13,700912 
    13,812021 
    16,842262 
    13,789646 
    13,777194 
    16,508017 
    13,698854 
    13,680969 
    16,537115 
    13,825409 
    13,756771 
    16,514167 
    13,678315 
    13,933632 
    16,70492 
    13,771219 
    13,775991 
    16,504273 
    13,839922 
    13,866353 
    16,497597 
    13,694914 
    13,783662 
    16,574199 
    13,75388 
    13,749315 
    16,54961 
    13,689608 
    13,844879 
    16,48599 
    13,757685 
    13,731352 
    16,489347 
    13,685571 
    13,752263 
    16,530298 
    13,702476 
    13,731541 
    16,581923 
    13,69611 
    13,830026 
    16,634665 
    13,744118 
    13,749372 
    16,582013 
    13,732473 
    13,676636 
    16,558505 
    13,774863 
    13,727631 
    16,540495 
    13,786081 
    13,78145 
    16,398381 
    13,719615 
    13,673366 
    16,49966 
    13,745862 
    13,720438 
    16,51582 
    13,687255 
    13,755312 
    16,822056 
    13,827498 
    13,671795 
    16,60884 
    13,742369 
    13,687493 
    16,587667 
    13,775022 
    13,834031 
    16,578783 
    13,747178 
    13,80043 
    16,655869 
    13,703042 
    13,753099 
    16,853797 
    13,699065 
    13,679373 
    16,49448 
    13,791201 
    13,822685 
    16,586489 
    13,684471 
    13,68568 
    16,595835 
    13,724771 
    13,733686 
    16,650908 
    13,689644 
    13,713192 
    16,452445 
    13,609591 
    13,732974 
    16,524852 
    13,791519 
    13,723039 
    16,605108 
    13,795069 
    13,678747 
    16,50582 
    13,621896 
    13,805576 
    16,780803 
    13,777951 
    13,777503 
    16,479807 
    13,628776 
    13,800882 
    16,558652 
    13,755378 
    13,771002 
    16,635715 
    13,783291 
    13,762632 
    16,606625 
    13,772746 
    13,875765 
    16,854766 
    13,740733 
    13,781806 
    16,817175 
    13,652577 
    13,795742 
    16,627777 
    13,771867 
    13,756914 
    16,748331 
    13,889185 
    13,82921 
    16,555211 
    13,76628 
    13,722275 
    16,654232 
    13,782106 
    13,758484 
    16,634613 
    13,73996 
    13,716089 
    16,526467 
    13,761393 
    13,822968 
    16,355096 
    13,63633 
    13,814228 
    16,619663 
    13,775591 
    13,744754 
    16,524308 
    13,744345 
    13,76211 
    16,476905 
    13,775941 
    13,704585 
    16,554656 
    13,754012 
    13,774402 
    16,51349 
    13,773093 
    13,706777 
    16,544095 
    13,851417 
    13,786494 
    16,915074 
    13,781886 
    13,842175 
    16,498904 
    13,703533 
    13,774201 
    16,619619 
    13,807401 
    13,835909 
    16,495992 
    13,795709 
    13,804883 
    16,477229 
    13,737738 
    13,821234 
    16,578939 
    13,730097 
    13,653223 
    16,808466 
    13,737682 
    13,744304 
    16,613489 
    13,750672 
    13,744245 
    16,54661 
    13,823973 
    13,768174 
    16,708307 
    13,828991 
    13,752551 
    16,641556 
    13,76141 
    13,772397 
    16,513824 
    13,694456 
    13,757672 
    16,6101 
    13,760117 
    13,78126 
    16,62796 
    14,020969 
    13,72997 
    16,583596 
    13,787498 
    13,740175 
    16,386857 
    13,657991 
    13,728799 
    16,571977 
    13,733165 
    13,801527 
    16,647755 
    13,766694 
    13,764572 
    16,409696 
    13,657031 
    13,782226 
    16,574309 
    13,697204 
    13,730948 
    16,580991 
    13,782494 
    13,697866 
    16,754451 
    13,701443 
    13,800929 
    16,504147 
    13,750199 
    13,743634 
    16,433473 
    13,903044 
    13,808524 
    16,459303 
    13,730978 
    13,683126 
    16,476258 
    13,606828 
    13,767444 
    16,633692 
    13,839427 
    13,812831 
    16,542527 
    13,748496 
    13,709282 
    16,636102 
    13,907794 
    13,817921 
    16,893144 
    13,688345 
    13,734897 
    16,409666 
    13,624503 
    13,710583 
    16,623496 
    13,725528 
    13,729096 
    16,485707 
    13,634457 
    13,709531 
    16,609553 
    13,745742 
    13,709356 
    16,446291 
    13,70411 
    13,679504 
    16,598624 
    13,79674 
    13,750011 
    16,546236 
    13,773355 
    13,788825 
    16,621265 
    13,783544 
    13,731372 
    16,4057 
    13,626113 
 rtrim: 
64,823469 
57,455548 
57,962385 
59,842898 
60,132081 
59,026747 
57,934059 
57,290155 
59,844954 
64,97655 
58,830646 
57,674673 
60,126333 
57,891197 
58,942529 
59,202284 
57,29289 
58,836417 
57,429088 
58,019418 
58,530727 
59,314101 
57,909829 
58,230869 
58,412102 
57,954148 
58,220543 
58,542888 
57,919245 
59,11497 
58,888214 
58,437281 
65,452594 
58,855183 
58,199933 
58,536935 
58,457447 
59,91454 
59,308503 
59,704436 
57,500784 
59,376568 
58,027108 
58,818535 
60,370936 
58,409462 
59,577924 
57,685372 
60,407117 
58,465727 
65,839172 
60,369004 
58,449247 
58,762826 
58,031312 
58,141973 
58,537068 
57,554033 
58,479521 
58,0873 
58,228407 
65,984953 
60,063132 
58,986865 
58,239571 
59,051447 
66,523824 
58,573566 
58,693142 
59,341385 
59,808836 
58,57235 
58,696897 
60,536535 
58,072407 
58,209874 
57,143786 
59,430351 
59,171881 
58,5879 
57,848437 
58,675746 
57,973196 
58,083244 
58,971149 
57,941718 
58,95549 
58,879502 
60,480442 
63,856602 
59,104354 
59,464058 
58,754671 
58,29424 
58,081899 
59,79076 
58,126674 
58,358544 
58,224498 
57,409812 
60,008314 
 schema-inspector: 
517,97915 
432,327606 
436,523361 
430,550573 
430,573056 
435,458027 
428,289578 
437,88003 
429,972994 
430,484834 
435,696413 
430,149026 
441,787148 
512,577268 
437,804208 
437,54946 
453,292458 
442,297675 
422,141115 
445,458459 
436,778105 
432,211834 
423,301848 
457,262654 
423,402375 
431,270884 
440,823428 
431,864993 
427,849249 
437,008195 
445,604596 
427,331056 
429,057643 
429,442747 
431,318595 
441,196568 
446,611435 
426,724213 
425,477614 
464,420237 
442,255696 
447,0309 
435,223714 
434,49534 
428,324872 
434,425667 
445,121675 
446,073032 
437,94974 
450,436035 
429,038519 
424,899617 
487,54675 
435,399776 
450,894514 
430,702214 
443,678482 
437,787197 
428,775873 
429,395506 
444,684344 
425,322864 
443,694478 
428,955331 
424,003949 
436,432078 
436,145799 
443,744782 
441,971942 
427,098449 
423,959758 
431,794282 
433,966957 
426,498296 
447,431584 
431,15871 
426,128504 
437,509659 
444,509754 
443,378447 
432,205955 
425,719686 
443,268613 
618,126349 
426,963098 
428,303263 
438,133232 
440,620779 
424,287408 
431,429994 
438,67872 
431,449847 
441,313512 
438,763455 
428,882434 
425,309219 
434,560915 
428,337986 
444,389794 
423,250638 
469,952873 
 set-value: 
76,257733 
80,460857 
76,666332 
79,567481 
79,997527 
76,315414 
78,536775 
76,873211 
77,835823 
78,672788 
74,755092 
77,680637 
78,277321 
77,50477 
78,223931 
78,875416 
79,089645 
77,521469 
76,507454 
79,755571 
79,968074 
76,456917 
77,417508 
82,74873 
75,531901 
80,151902 
81,220373 
79,451173 
77,673377 
78,012897 
77,553235 
79,500735 
78,128752 
78,168478 
79,130771 
79,875343 
78,35691 
74,452575 
75,396923 
77,836147 
79,801493 
78,844185 
77,801339 
78,592733 
78,451233 
73,574687 
79,538734 
79,155201 
77,150189 
76,694312 
80,239359 
78,160906 
78,04628 
78,76518 
79,573328 
80,373855 
80,048474 
79,634732 
78,427784 
83,300466 
76,631762 
79,520253 
78,631235 
80,702204 
77,984399 
77,537324 
78,609922 
81,03126 
80,693294 
75,912321 
78,597809 
75,865278 
79,660772 
77,871038 
79,817139 
77,658422 
78,345411 
79,517661 
80,048871 
79,929087 
78,500614 
79,49742 
80,809804 
80,407524 
79,734733 
78,086758 
77,138302 
78,62568 
76,86818 
80,3221 
79,802626 
77,250866 
78,443439 
78,729685 
78,943314 
81,18863 
75,92197 
78,302449 
77,897605 
77,960871 
75,882773 
 staticFiles: 
 static-props: 
32,166671 
32,232787 
32,819289 
32,732877 
32,232243 
32,307639 
32,525345 
32,4743 
32,222701 
32,846675 
32,615393 
32,835493 
32,421276 
32,900693 
32,374325 
32,82492 
32,527727 
32,308325 
33,046041 
32,162977 
32,945491 
32,55771 
32,009836 
32,569894 
32,672294 
32,200641 
32,861945 
32,259095 
33,053398 
31,763496 
32,873624 
32,633231 
32,05067 
32,550455 
32,92888 
32,711939 
32,787103 
32,945642 
32,962743 
33,074987 
32,767 
33,736427 
32,222376 
33,134017 
32,991726 
32,314991 
32,971385 
32,346002 
33,985209 
32,64494 
33,044196 
33,324099 
32,497042 
31,930463 
32,13467 
32,831841 
32,643429 
33,155554 
32,648776 
32,876191 
32,502707 
34,141521 
33,077629 
33,198212 
32,541478 
32,447414 
32,529676 
32,475717 
32,619132 
32,771583 
32,77493 
32,531332 
32,84496 
33,168066 
33,033629 
32,170533 
32,944866 
33,2728 
34,344272 
33,230609 
32,425022 
32,828333 
33,368097 
33,727203 
32,617202 
32,700333 
32,362685 
32,476452 
32,760457 
33,406032 
32,432083 
32,488699 
32,902027 
32,723346 
32,217778 
33,128174 
32,439301 
32,23678 
32,616177 
32,814714 
32,650704 
 syncthrough: 
    134,445921 
    135,651481 
    137,962559 
    132,388546 
    133,633881 
    131,469716 
    136,416258 
    140,461476 
    128,749761 
    130,480662 
    132,976672 
    133,872301 
    133,712825 
    133,437585 
    132,894255 
    134,646086 
    132,164671 
    132,421413 
    135,350612 
    132,828356 
    132,702239 
    132,318189 
    132,803996 
    128,869158 
    132,706349 
    132,806328 
    131,818241 
    133,121223 
    133,341324 
    133,039017 
    133,661509 
    131,380892 
    134,563431 
    135,286056 
    131,15122 
    129,72309 
    130,710752 
    130,563803 
    134,254771 
    132,924139 
    134,826836 
    132,647438 
    130,628383 
    140,882537 
    130,410628 
    132,006002 
    133,531886 
    133,902384 
    131,578679 
    129,027461 
    132,325284 
    136,326641 
    131,797144 
    131,520777 
    131,622481 
    134,902802 
    132,587283 
    132,624452 
    136,08185 
    136,296064 
    131,800815 
    132,828574 
    131,510896 
    130,132686 
    130,362763 
    132,284831 
    131,488351 
    131,199942 
    133,174761 
    132,137996 
    131,865211 
    133,355036 
    130,255024 
    131,781773 
    133,329769 
    132,825336 
    133,096046 
    132,383125 
    134,697751 
    131,600126 
    132,015486 
    133,044671 
    131,936005 
    130,601521 
    131,807878 
    131,922352 
    132,371932 
    134,431763 
    133,691529 
    134,082963 
    133,292481 
    130,507543 
    132,852297 
    131,659602 
    132,083459 
    129,685964 
    133,395704 
    129,418178 
    131,375453 
    130,611443 
    131,795282 
 through2: 
 through2-map: 
89,740665 
90,196418 
89,954326 
90,275853 
89,087505 
89,672891 
89,816097 
99,435732 
89,841959 
89,756001 
92,329499 
89,01904 
90,291498 
88,695129 
89,372742 
91,622371 
91,042889 
90,07009 
88,853164 
89,330223 
90,236064 
90,318806 
89,837919 
90,671652 
89,195079 
91,594794 
90,101521 
95,172394 
88,949457 
89,420729 
90,90819 
89,775996 
90,276577 
89,74837 
89,748554 
89,730396 
90,901762 
89,361712 
90,381065 
89,112585 
89,144379 
88,955655 
90,885375 
90,108037 
90,753543 
90,658724 
90,905867 
90,785248 
90,01941 
90,098569 
90,105896 
96,111415 
89,819349 
89,271764 
89,604686 
89,453216 
89,247828 
92,037164 
90,275049 
90,812089 
89,536602 
90,269986 
91,541799 
89,725296 
90,146572 
90,300703 
89,568513 
90,01798 
89,707063 
91,193086 
90,298324 
91,848553 
89,5436 
90,566895 
89,28867 
91,229854 
90,1679 
89,940792 
89,233954 
89,952689 
89,885394 
89,810946 
90,809698 
89,956908 
90,296245 
88,992006 
90,744454 
89,203555 
89,104308 
89,784156 
89,741611 
89,85328 
90,117558 
89,828971 
89,361359 
89,51106 
90,400953 
90,618246 
90,353629 
89,800615 
90,399593 
 -stamp: 
44,533087 
39,064031 
38,942579 
39,599917 
39,144456 
64,650064 
38,6942 
40,917714 
44,791061 
39,217065 
40,545103 
38,928682 
38,466625 
39,715222 
39,916331 
38,870049 
39,076475 
39,699285 
39,983717 
38,758809 
39,070613 
40,418498 
38,976504 
38,823051 
39,984638 
39,081177 
39,021643 
40,358605 
38,946971 
40,432052 
39,406005 
39,273191 
39,863421 
46,364069 
38,451011 
43,565214 
39,711679 
40,035484 
40,336746 
40,732931 
39,580659 
40,023182 
39,005998 
43,327277 
38,850247 
39,179875 
40,147979 
39,793758 
38,978661 
39,116807 
39,212615 
39,102231 
38,636694 
39,357096 
40,116107 
39,371501 
39,476094 
39,17642 
39,473717 
45,119116 
38,16846 
39,845348 
40,215482 
39,18171 
40,799221 
38,469227 
39,392214 
40,577575 
38,488248 
39,359277 
39,296075 
39,507401 
39,208187 
39,327066 
43,225774 
38,48626 
39,127427 
38,882596 
39,346048 
40,391539 
38,967166 
38,662488 
39,407717 
39,023394 
39,154162 
39,927002 
39,274987 
40,430064 
38,977169 
39,43166 
40,144257 
39,609604 
39,37916 
40,636018 
39,772303 
38,563711 
39,152486 
40,7599 
38,680163 
38,825592 
38,653777 
 unordered-array-remove: 
31,356509 
31,458174 
31,414389 
31,067787 
32,136156 
31,095356 
30,940818 
31,561539 
30,991641 
31,173234 
30,979086 
31,784256 
31,13743 
30,868749 
31,133796 
31,349523 
31,690939 
31,290898 
30,953064 
31,137666 
31,392044 
30,996241 
31,631519 
31,749996 
31,161585 
30,892818 
31,438123 
31,136815 
30,999856 
31,037533 
31,392591 
30,925408 
31,323839 
30,86227 
31,527903 
31,578725 
32,063588 
31,723453 
31,207974 
31,481366 
31,369546 
30,998089 
31,306916 
31,53359 
31,267196 
31,048267 
30,956782 
30,963305 
30,789911 
31,997267 
31,523891 
31,314202 
31,275249 
31,016457 
31,58612 
31,248255 
31,077494 
31,12531 
31,816251 
31,330297 
31,116073 
31,612983 
30,781509 
30,970311 
31,434385 
31,1676 
31,060243 
31,951286 
31,23929 
31,277259 
31,222908 
31,267847 
31,123659 
31,172276 
31,583606 
30,723709 
31,211998 
31,365511 
31,624253 
31,336314 
31,697809 
31,502628 
31,182819 
31,163419 
31,159782 
31,735542 
31,464654 
30,73102 
31,096056 
31,212955 
30,993877 
31,51997 
31,711091 
31,335698 
31,4003 
31,218381 
31,247495 
30,92734 
31,070167 
31,417345 
31,683171 
 zipmap: 
39,884146 
40,204005 
40,176698 
40,093148 
39,812038 
41,384437 
40,036843 
39,486369 
40,061938 
40,190917 
40,658988 
39,818711 
40,18802 
40,120821 
39,960636 
41,394715 
45,59891 
39,557111 
40,856449 
39,549855 
40,33834 
41,471769 
46,927638 
39,802911 
41,700508 
40,87449 
40,383515 
40,281841 
40,894254 
40,182128 
40,081384 
40,385915 
41,198117 
40,843334 
40,788327 
39,770676 
40,824911 
39,91031 
39,38801 
40,658598 
40,281515 
40,147115 
40,220546 
39,526741 
40,017638 
40,306722 
40,629328 
39,470315 
39,954866 
39,749226 
40,036746 
40,095173 
40,451995 
40,075535 
40,23242 
39,750973 
39,948781 
39,851634 
40,014964 
41,307179 
39,806935 
40,121443 
41,483036 
40,288038 
41,20513 
40,397184 
39,667899 
39,899667 
40,201994 
40,999435 
40,073696 
41,305435 
40,090972 
39,717538 
39,768453 
39,7396 
39,997184 
39,555208 
40,110111 
40,169802 
40,290135 
40,032204 
40,548891 
41,416991 
40,080296 
40,16243 
40,203869 
40,780733 
40,121582 
40,271069 
40,424418 
46,40151 
39,774572 
40,431008 
39,880653 
40,310225 
40,583259 
39,556173 
45,532531 
41,059867 
52,711921 

