 algebra: 
 array,chunk: 
40,128115 
39,922514 
37,492418 
36,661797 
40,073373 
38,095842 
40,822425 
39,740363 
42,082737 
38,266461 
37,622376 
37,489123 
39,95725 
39,954871 
40,24699 
37,863633 
40,545053 
40,152688 
37,460562 
38,929935 
40,687809 
42,299602 
37,714893 
40,255303 
36,932174 
38,515636 
38,908906 
37,809489 
40,1241 
37,581075 
38,423337 
37,370828 
39,32848 
37,6416 
38,168147 
39,124314 
39,926792 
43,740879 
37,561203 
40,472836 
40,610774 
37,425164 
40,34884 
41,225938 
38,023792 
41,073864 
37,989064 
37,920935 
37,804877 
39,229322 
40,34947 
36,353695 
37,330751 
41,186471 
38,803333 
37,421228 
37,810607 
40,318862 
37,598675 
37,70507 
39,726467 
40,188068 
40,824519 
38,278378 
37,692181 
38,22495 
38,704498 
40,309867 
38,691181 
40,35765 
39,879555 
37,349392 
37,315532 
40,212165 
38,143938 
38,211144 
37,212921 
40,522442 
40,750429 
40,594876 
37,542905 
37,665875 
37,878047 
38,311928 
40,085854 
40,348683 
38,195568 
39,609219 
38,398611 
37,873743 
40,675596 
37,805948 
38,848027 
38,257983 
37,251497 
38,505006 
37,463249 
41,365645 
40,383978 
37,32462 
41,335811 
[?25h array-first: 
38,72009 
38,344929 
34,723558 
37,540881 
34,364337 
39,198977 
36,88585 
39,951857 
40,390926 
38,279683 
37,02053 
38,208933 
38,408702 
37,560506 
37,342884 
39,111132 
41,123546 
34,661147 
37,746186 
35,552068 
38,281656 
39,181276 
34,018244 
37,882383 
35,0347 
34,955712 
34,549229 
34,901842 
34,763732 
37,16953 
39,762794 
35,418675 
37,819343 
37,123178 
36,82967 
34,965899 
39,078402 
35,036177 
43,154427 
37,02684 
38,175983 
35,103312 
37,698573 
34,395432 
40,36626 
38,506687 
39,561314 
39,022214 
34,826726 
39,675291 
37,606828 
38,25623 
37,547051 
37,910895 
34,72351 
38,02522 
37,893654 
34,621747 
34,903636 
37,861943 
34,847088 
39,131819 
36,736026 
39,863877 
38,074369 
34,680755 
38,665966 
37,982745 
34,867306 
38,118751 
35,15757 
40,113673 
37,713114 
37,795576 
37,912176 
34,627178 
37,63834 
43,501218 
37,570593 
37,24588 
37,401433 
38,045626 
34,544905 
38,292126 
38,335731 
38,753407 
36,371453 
35,487648 
38,812212 
34,563797 
37,684576 
38,243642 
38,370907 
37,439775 
38,617255 
34,509731 
34,796834 
40,141374 
37,788183 
37,375671 
34,559857 
 array-last: 
37,061794 
35,939971 
36,578164 
35,768296 
37,107455 
37,854233 
43,65068 
36,152721 
36,180663 
35,879234 
36,695372 
37,782758 
37,183348 
36,078057 
43,074276 
37,744617 
36,82963 
36,577723 
36,618986 
36,69873 
37,662296 
36,325541 
36,283427 
36,786347 
36,782624 
36,220511 
36,393973 
36,218003 
36,659065 
36,046978 
43,778499 
37,25367 
37,056029 
36,32517 
36,582199 
36,791112 
36,391013 
36,600966 
37,231016 
35,522387 
37,588182 
36,499121 
36,805792 
37,493232 
36,705591 
36,240704 
37,562309 
36,326331 
37,415308 
37,182688 
36,689195 
36,638222 
36,352503 
36,090635 
36,530099 
36,941195 
36,02712 
36,952099 
37,019334 
37,221355 
37,496366 
37,850054 
36,545598 
35,888986 
35,780997 
35,709532 
36,090247 
36,307964 
37,513629 
36,870086 
35,64587 
37,692136 
42,418082 
36,447175 
37,003883 
36,715601 
36,437856 
36,354229 
36,651032 
36,744779 
36,388791 
36,13584 
36,166259 
37,138852 
36,282373 
36,884972 
35,96933 
35,841709 
36,790498 
36,56612 
35,933217 
36,118836 
36,386499 
35,962887 
36,400152 
36,384851 
36,796427 
36,354494 
36,526467 
37,70827 
36,943408 
 array-range: 
50,01727 
50,172907 
49,861639 
49,903686 
49,774247 
49,502724 
50,351727 
49,747738 
49,06466 
49,827568 
50,310278 
50,14542 
49,623583 
49,24896 
49,687458 
49,880808 
50,286739 
48,896052 
48,771485 
48,794094 
49,361572 
48,848435 
49,665561 
49,960487 
50,082683 
50,286256 
50,276178 
49,024576 
49,914749 
50,123881 
50,958724 
50,192605 
49,667514 
48,485984 
50,287455 
48,644466 
49,581969 
50,035096 
49,624229 
49,48928 
49,271052 
50,603355 
50,28035 
50,08562 
49,26842 
49,916931 
49,604918 
49,692421 
49,498456 
50,003407 
49,756863 
49,636657 
49,791268 
50,039439 
49,618451 
49,230396 
49,448798 
49,375554 
49,400485 
50,158425 
48,844407 
49,886553 
49,412578 
49,707983 
49,144566 
50,055418 
49,284734 
49,892625 
50,730064 
49,389187 
49,772205 
49,586896 
49,136023 
49,76825 
50,31708 
50,646483 
48,879378 
49,661369 
50,206071 
49,166598 
49,833962 
50,230117 
49,782223 
49,521877 
49,015452 
49,38265 
49,588312 
49,495551 
49,494227 
49,584911 
49,382253 
50,264713 
50,27411 
49,410497 
49,18701 
48,738387 
49,481815 
49,534271 
49,33565 
49,696631 
49,230338 
 arr-diff: 
34,390698 
35,099816 
34,434044 
34,616264 
35,052532 
35,093432 
34,58396 
34,424585 
34,126735 
34,163835 
35,042791 
35,283654 
34,889793 
34,911286 
35,692151 
34,43013 
34,788233 
35,350041 
34,357057 
34,074198 
35,048417 
34,693173 
34,564688 
37,162302 
38,985833 
41,441669 
41,117909 
34,55198 
34,629 
39,323738 
34,911921 
35,500612 
34,410792 
35,073759 
34,467865 
41,339532 
35,05011 
34,716068 
35,154407 
34,667245 
34,168164 
34,804349 
34,253621 
34,653267 
35,917916 
35,772408 
34,669015 
34,992128 
34,383533 
35,314659 
34,383894 
34,793383 
34,134198 
34,624495 
34,805647 
34,803284 
35,222285 
34,518392 
34,832832 
35,314067 
34,519928 
40,497823 
34,986401 
34,303241 
36,110106 
34,89319 
34,239978 
34,936056 
41,022223 
34,744961 
34,670521 
34,41557 
34,087988 
34,756252 
40,582988 
34,180908 
35,717037 
40,200159 
34,897834 
34,535132 
43,271888 
34,288196 
34,874067 
35,195682 
34,18796 
41,560164 
34,859707 
34,470036 
35,103969 
34,765481 
34,704914 
35,6784 
34,678664 
35,482088 
34,540867 
34,202404 
35,016771 
34,317715 
34,707343 
34,423136 
34,760986 
 arr-flatten: 
33,804232 
34,427579 
34,467647 
33,871382 
33,977523 
33,977612 
34,147356 
33,965429 
33,610045 
33,949946 
33,523275 
33,955009 
34,058461 
34,040006 
33,547141 
33,968975 
33,358864 
34,478544 
35,509709 
41,083562 
34,323881 
34,775977 
34,545229 
34,296338 
33,821996 
34,362044 
34,002403 
34,642168 
33,461145 
33,784338 
34,711171 
33,941108 
33,479719 
34,157929 
34,256652 
33,916723 
34,128871 
33,724845 
34,293281 
34,613591 
34,342011 
33,589998 
34,413367 
35,175808 
34,260452 
34,029924 
33,948761 
33,865296 
33,833696 
33,64297 
34,130297 
34,083955 
34,424881 
33,189654 
33,629081 
34,353734 
34,145967 
33,859153 
34,067731 
34,195472 
34,236782 
34,109181 
33,534948 
34,193944 
33,940187 
33,859595 
34,095986 
34,75821 
34,121881 
34,161917 
34,17191 
33,74064 
33,710634 
34,615128 
35,653943 
33,278783 
34,177729 
35,475776 
34,946119 
33,782852 
34,441687 
34,35631 
33,888529 
34,160139 
34,192355 
35,305484 
35,592214 
34,010214 
33,321799 
34,043471 
34,260315 
34,746699 
38,133753 
34,091033 
34,311505 
34,209615 
34,434497 
36,553024 
34,874056 
34,002777 
33,39674 
 concat-stream: 
149,115746 
148,049631 
147,151599 
164,015792 
145,119857 
147,816098 
154,374475 
149,27743 
148,418934 
150,350272 
148,141852 
146,519777 
147,28634 
149,153938 
146,928201 
147,535188 
147,717901 
150,667239 
150,952284 
146,596188 
148,48962 
146,080095 
148,906939 
152,981122 
146,285876 
145,303989 
148,926429 
146,708602 
146,204234 
149,667169 
155,294517 
151,40616 
147,145607 
149,327556 
149,675296 
149,65594 
151,362793 
147,798057 
146,245684 
147,269073 
154,617207 
148,806998 
149,11946 
153,523779 
154,286353 
147,791283 
152,134349 
157,289927 
149,164175 
150,145012 
147,670006 
148,368351 
147,090919 
150,534885 
148,760376 
146,389895 
147,951229 
153,465665 
150,29285 
149,875517 
147,850286 
145,192396 
145,788695 
155,7148 
148,942851 
150,94326 
150,757158 
150,071334 
147,218244 
146,706676 
147,77126 
146,273666 
146,701119 
147,418754 
146,935684 
148,892708 
154,243257 
149,926399 
146,837099 
146,047846 
149,128742 
153,491957 
151,95486 
148,801657 
151,023828 
146,905786 
148,340259 
146,305506 
154,883802 
156,346024 
147,47404 
148,032431 
146,660101 
148,950445 
145,443398 
144,862944 
144,846568 
146,092592 
150,190315 
148,087016 
153,403395 
 deep-bind: 
49,620844 
43,43838 
44,060852 
45,870681 
44,151427 
45,914231 
44,527483 
44,909745 
43,579298 
45,692627 
42,980549 
43,380033 
43,869469 
42,647826 
42,51168 
43,481537 
43,946875 
43,508285 
43,125107 
43,01292 
43,467788 
44,70661 
43,402859 
44,826871 
43,56843 
49,343665 
43,303689 
43,617667 
43,551104 
44,753436 
42,467967 
45,139418 
43,711892 
43,941037 
42,115382 
45,35189 
42,403945 
42,922976 
45,164091 
43,659161 
43,376109 
44,214295 
43,564824 
43,490922 
42,61532 
44,52412 
43,697541 
50,06892 
42,898203 
43,570258 
43,251268 
43,750628 
43,653252 
43,251669 
43,129678 
44,579314 
44,213752 
43,32813 
42,947 
45,363222 
44,052764 
44,110644 
44,050081 
43,829324 
42,632429 
42,876261 
42,680598 
44,751092 
44,171484 
43,092039 
45,131391 
43,022539 
43,389237 
43,423539 
44,78223 
44,132956 
44,436404 
45,898695 
44,642181 
43,491825 
45,299584 
42,93623 
44,527764 
42,66524 
43,340395 
44,220039 
43,997464 
43,755845 
42,825236 
44,143641 
45,757995 
43,114845 
43,411129 
43,142068 
43,100705 
52,149051 
45,507112 
42,217217 
43,647113 
44,718107 
45,771039 
 document-ready: 
 file-size: 
 fs-promise: 
149,161602 
152,007096 
154,361029 
150,285179 
154,907385 
150,509134 
151,742144 
150,811026 
148,932899 
147,881114 
152,775479 
151,446942 
152,218382 
158,299785 
149,924759 
151,397922 
149,024462 
151,119172 
149,168987 
154,293893 
155,269138 
150,220854 
154,918921 
150,236452 
150,654623 
154,740753 
152,324052 
151,546462 
151,469644 
146,823426 
149,336558 
149,525334 
152,615443 
149,852341 
149,713369 
146,446442 
154,688962 
150,304971 
157,053382 
148,209717 
147,086625 
150,419049 
148,242049 
151,619028 
150,838048 
160,868616 
151,610391 
153,049775 
148,794957 
151,603524 
154,19547 
148,19888 
151,684453 
152,723263 
152,96271 
150,176742 
151,40646 
152,583387 
148,809946 
150,186722 
153,938001 
151,655235 
149,114286 
148,994324 
154,831295 
148,887151 
152,582902 
150,800168 
149,415913 
152,897512 
151,489909 
152,07509 
148,550871 
152,388973 
149,587726 
149,075676 
151,843175 
149,232994 
150,969292 
150,29779 
143,616848 
150,761814 
149,281209 
146,644573 
148,710446 
160,296272 
151,938462 
152,668818 
150,899134 
147,593234 
152,397446 
151,178947 
147,539767 
150,22038 
150,518551 
154,814651 
151,359121 
156,033091 
148,86678 
151,291627 
147,56989 
 get-value: 
168,521818 
120,583295 
120,657347 
124,630736 
123,052553 
122,023391 
120,68081 
122,663071 
121,321384 
123,465402 
121,319726 
124,646439 
122,438513 
123,5711 
129,446595 
121,344052 
121,639249 
122,145476 
122,98691 
123,435953 
120,911338 
120,369579 
124,819848 
121,58596 
122,159656 
121,821393 
125,124786 
124,637793 
121,433261 
122,404754 
121,720074 
121,394514 
122,37808 
124,652002 
120,134251 
122,292775 
121,731292 
121,40688 
123,822706 
123,320017 
121,984693 
120,082182 
122,155813 
124,992607 
122,652651 
123,232369 
122,821879 
124,183934 
121,547912 
120,896235 
122,755161 
122,800926 
123,09316 
121,293451 
123,951324 
124,008356 
123,671267 
122,353048 
121,478963 
123,622315 
120,611399 
123,916012 
122,872666 
123,694072 
123,015003 
123,362032 
121,231933 
123,946132 
126,957812 
124,769502 
120,856043 
126,12487 
119,476155 
125,95022 
123,346079 
129,17498 
120,875947 
122,824431 
123,418699 
125,330289 
122,371731 
122,516169 
127,388122 
122,249395 
120,237735 
123,694672 
125,282156 
126,865445 
120,918288 
123,66843 
123,24229 
120,284278 
121,661198 
121,412737 
123,697706 
119,606388 
126,470387 
121,388776 
125,706874 
121,869407 
123,293839 
 group-array: 
94,393273 
94,437899 
96,218391 
95,912869 
94,448832 
93,091434 
94,251359 
95,286155 
93,549586 
95,094417 
93,364938 
94,401372 
94,07545 
94,422229 
92,994245 
99,66837 
96,0998 
94,136654 
94,232791 
95,84196 
94,584469 
93,189443 
94,074807 
93,72405 
95,167866 
97,593287 
91,984057 
94,614402 
101,915199 
94,510426 
94,915095 
94,168648 
94,337873 
94,229758 
94,324282 
94,133043 
94,306684 
93,959987 
93,6166 
95,326041 
92,820435 
92,997862 
94,342212 
95,27913 
92,023613 
94,421736 
94,449287 
95,39843 
93,857703 
94,997093 
94,053358 
94,795378 
100,160757 
92,695767 
99,768803 
95,204997 
93,890265 
93,949003 
93,143003 
94,120993 
94,01365 
93,691336 
95,992717 
94,131324 
93,375442 
96,924028 
93,856734 
93,665633 
93,947974 
92,854862 
95,266861 
92,829601 
93,882957 
95,431761 
92,476624 
93,280364 
99,209227 
93,706737 
94,859508 
94,450771 
101,844446 
93,256288 
93,356819 
95,322368 
99,732283 
92,416713 
94,284481 
93,713388 
95,865314 
96,560263 
92,383194 
101,51881 
92,853711 
94,850128 
94,653839 
94,623693 
94,016257 
92,19533 
92,265612 
94,015491 
94,691982 
 has-key-deep: 
55,059456 
54,80231 
62,066044 
55,146599 
54,688937 
55,223224 
54,953766 
54,954975 
54,782663 
54,320512 
55,044104 
54,164276 
54,755739 
61,654201 
56,69815 
54,905689 
54,540686 
55,330384 
54,821997 
54,387875 
60,509884 
55,005465 
60,95485 
54,722517 
54,620661 
60,99618 
55,457712 
58,793423 
55,011409 
54,004505 
55,123162 
60,70357 
60,690942 
55,274022 
55,189514 
55,24306 
54,770459 
54,862782 
55,050374 
54,751309 
54,750165 
60,629488 
54,733965 
54,587918 
54,513308 
54,691461 
55,272529 
54,677933 
55,116951 
54,324457 
58,188798 
54,776065 
54,789888 
54,236958 
54,399222 
54,677346 
54,528632 
54,610587 
58,937943 
54,076385 
54,767279 
54,529764 
59,039249 
60,651588 
55,235315 
56,223974 
55,38865 
54,807079 
54,856868 
57,13463 
55,168819 
54,365168 
56,709782 
54,789845 
55,151335 
54,667338 
54,839682 
54,359051 
54,945689 
54,428647 
56,20358 
54,679305 
55,045465 
54,63463 
54,694313 
54,701265 
54,750313 
55,677349 
54,138648 
54,847513 
54,750414 
60,631367 
54,516278 
54,790597 
54,561454 
54,932076 
54,679565 
54,629593 
54,511678 
54,622386 
54,691356 
 has-value: 
41,438976 
40,948413 
41,893699 
43,012496 
40,649859 
41,40876 
40,584259 
42,126838 
42,27316 
47,558199 
41,39466 
48,114614 
41,275003 
41,54493 
41,402795 
42,446697 
41,510049 
41,039746 
40,820579 
42,073898 
41,083504 
41,093345 
41,266943 
41,565517 
41,319529 
41,132209 
41,1777 
41,485923 
42,188717 
52,937566 
46,955205 
41,262222 
41,311625 
41,99995 
42,420872 
41,627818 
41,575949 
41,272148 
41,689764 
40,860274 
42,097893 
43,696459 
40,954226 
41,577018 
42,011246 
41,729624 
41,337015 
48,718596 
42,06387 
41,844727 
41,799741 
46,819464 
41,362058 
41,11705 
41,958483 
41,780697 
42,052302 
41,055079 
41,216081 
42,697827 
40,816634 
41,959643 
41,240803 
41,257801 
47,321232 
41,501994 
47,3579 
39,5402 
45,696031 
47,635626 
43,257448 
45,21281 
41,785889 
41,016456 
41,597012 
42,269808 
41,024322 
41,339446 
41,152397 
41,209328 
41,048487 
41,649827 
41,446301 
41,841659 
41,375073 
42,694055 
47,053432 
53,179951 
41,214919 
41,252767 
40,89407 
47,287425 
41,191338 
41,974714 
41,474462 
47,570383 
41,858419 
42,031071 
41,848584 
47,515943 
40,812907 
 he: 
89,792031 
90,791702 
91,072968 
94,232293 
90,636232 
98,923872 
94,457574 
93,86171 
92,835067 
92,045735 
93,674589 
97,190701 
91,440718 
92,330353 
93,05028 
92,963776 
91,819744 
92,134037 
97,117224 
93,536954 
93,773312 
92,879648 
98,242162 
92,733887 
90,854324 
90,468588 
100,372651 
92,938599 
92,155349 
91,003223 
94,034077 
91,752718 
92,506378 
89,965821 
91,929061 
91,275084 
91,445501 
91,705251 
89,883144 
91,147921 
92,67579 
90,721457 
93,190097 
90,419786 
89,948286 
89,537336 
89,833588 
93,574058 
91,692402 
91,40603 
92,963538 
90,742159 
90,758395 
89,669074 
90,035237 
92,863264 
91,171506 
93,600836 
96,78923 
93,396919 
92,57729 
90,676112 
94,386671 
91,236885 
92,332013 
92,588033 
92,671134 
91,950777 
91,285215 
95,348533 
90,696722 
92,916321 
91,966629 
97,129325 
91,213736 
98,003727 
90,369221 
96,75078 
90,964487 
92,415935 
91,718602 
92,62232 
95,264325 
92,041292 
93,033352 
93,489603 
91,510143 
92,530379 
91,674346 
89,663612 
91,620768 
94,382276 
92,881261 
90,485295 
91,910683 
101,059786 
89,935267 
90,601469 
92,210806 
92,959765 
93,424325 
 identity-function: 
29,274782 
29,046944 
29,445714 
29,539152 
29,190836 
29,097464 
28,905426 
28,828844 
29,529683 
28,913457 
29,111449 
29,658289 
28,946483 
29,14085 
29,10844 
29,093995 
29,05776 
29,05138 
29,449946 
29,110678 
29,575942 
28,683293 
28,957492 
29,202769 
29,063301 
29,563382 
29,066436 
29,069884 
29,010429 
29,36656 
29,136018 
29,324568 
29,597368 
29,046955 
29,101268 
29,133397 
29,019583 
29,298207 
29,177358 
28,853355 
28,754316 
29,36167 
29,456714 
29,332886 
28,67439 
29,320975 
29,441898 
28,850389 
29,937337 
28,976905 
28,988944 
28,718696 
30,283201 
29,528174 
28,937763 
29,336166 
29,054069 
29,554631 
29,459178 
29,435762 
29,313085 
28,62711 
29,540038 
29,452957 
29,294525 
29,022635 
29,734803 
29,271544 
29,131645 
29,583557 
29,35841 
29,356127 
29,355631 
29,374534 
29,14386 
28,823931 
29,288735 
28,85916 
29,240931 
29,228353 
30,59216 
29,387816 
29,275188 
29,051297 
29,387497 
29,633773 
29,993773 
29,505 
28,970125 
29,316115 
29,785474 
29,903785 
29,3092 
29,51801 
29,104062 
28,546917 
29,371867 
29,654188 
29,110997 
29,443046 
29,302366 
 in-array: 
32,0866 
37,112112 
31,144553 
31,587047 
31,805012 
31,912017 
31,578609 
31,322092 
31,448583 
31,986589 
31,127649 
31,881357 
31,892421 
32,331943 
31,232958 
31,451727 
32,464466 
31,128201 
31,522498 
31,192062 
30,659809 
31,09048 
30,765165 
31,262138 
31,311903 
31,694482 
37,377789 
30,695448 
32,543014 
30,943473 
35,840016 
31,48874 
31,555167 
31,334421 
31,472952 
31,588664 
31,054015 
31,100636 
31,029497 
31,577543 
31,561426 
31,682756 
31,5636 
37,071711 
31,45038 
32,409259 
31,607787 
32,619712 
31,620501 
32,419948 
32,224289 
31,59287 
30,57196 
31,451206 
34,138345 
31,621924 
31,602282 
30,878526 
37,576606 
31,371178 
31,742857 
31,24153 
31,483321 
31,134733 
31,436343 
30,736913 
36,769305 
31,387085 
31,286422 
30,653991 
31,162341 
37,971065 
31,476887 
31,010058 
31,197742 
31,26989 
32,338391 
37,588335 
37,004441 
31,489115 
31,143595 
31,577341 
31,443973 
31,1805 
31,434937 
31,194212 
31,649783 
31,510515 
31,637421 
32,022786 
31,527788 
31,354305 
31,136286 
30,937124 
31,56757 
31,51137 
31,9336 
31,632302 
31,416838 
37,311598 
31,46949 
 is-empty-object: 
28,477629 
28,749536 
29,21979 
28,374652 
28,443093 
29,119464 
28,541446 
28,562455 
28,568683 
28,446822 
28,53879 
28,503921 
28,959417 
28,680335 
28,691244 
28,709088 
28,455259 
28,630742 
28,518651 
28,607473 
28,620908 
28,63038 
28,758886 
29,423235 
28,715279 
28,370846 
28,62591 
29,232067 
28,605021 
28,279942 
28,387366 
29,526742 
29,041819 
28,457654 
28,374854 
28,591383 
28,419479 
29,174059 
28,42538 
28,835928 
28,306211 
28,551314 
28,689279 
28,728651 
29,587774 
28,885446 
28,770668 
28,432951 
29,099869 
28,705599 
28,484947 
28,655517 
28,39538 
28,423112 
28,499382 
29,690192 
28,76491 
28,626831 
28,847572 
28,582162 
28,783976 
28,640128 
29,190168 
28,426055 
28,374238 
28,47021 
29,568712 
28,70182 
28,812985 
28,413151 
28,714137 
28,405916 
28,861839 
28,621995 
29,112061 
28,559189 
29,02721 
28,385304 
28,632318 
28,762216 
28,803817 
28,634589 
28,635236 
29,034056 
28,633068 
28,317915 
28,649842 
28,499445 
28,652069 
28,218626 
28,609891 
28,576854 
28,477849 
28,661425 
29,202196 
28,521093 
28,685175 
28,529696 
28,683439 
28,734637 
28,778565 
 is-generator: 
87,106931 
88,726295 
86,196865 
87,684646 
88,294183 
87,50864 
87,9806 
87,150036 
87,394269 
86,806249 
89,612029 
89,758812 
87,802042 
87,389709 
87,243527 
87,48642 
87,26624 
87,82589 
87,406592 
87,687263 
87,138854 
87,430777 
87,547753 
87,557406 
87,44368 
96,051231 
87,282144 
87,292259 
87,79472 
87,772433 
88,24984 
87,41363 
88,999517 
87,485184 
86,974711 
86,867004 
87,396149 
87,998734 
87,726131 
87,563342 
87,25576 
88,436692 
87,729199 
86,754353 
87,864005 
87,061893 
87,817726 
86,957167 
87,759391 
92,637372 
87,974658 
87,924183 
87,306886 
87,8042 
87,961794 
87,714507 
88,037006 
88,450304 
87,04611 
89,505549 
88,011468 
93,434037 
87,4294 
87,942043 
93,390417 
87,484422 
87,662061 
87,022434 
87,043445 
88,078801 
87,39283 
86,511838 
87,864901 
87,518428 
87,983303 
87,000899 
86,878129 
87,272225 
86,845865 
88,117123 
93,013412 
86,828292 
93,186804 
87,511299 
87,83108 
93,640377 
86,762299 
87,874419 
87,993035 
86,468405 
87,832488 
86,796836 
87,183853 
87,849884 
86,922307 
88,118108 
87,104236 
87,612003 
88,08744 
87,025575 
86,793859 
 is-number: 
64,45122 
61,651118 
63,524946 
62,294077 
63,460617 
62,782307 
69,697213 
63,041421 
62,528881 
60,773339 
67,698426 
63,005308 
62,201904 
61,043456 
61,872619 
60,794704 
63,507096 
63,028673 
62,571835 
63,416809 
62,147649 
63,079195 
60,773822 
62,570168 
62,948612 
60,984815 
63,1714 
62,674226 
67,810453 
62,107427 
61,598751 
63,204517 
68,791331 
62,836813 
61,746627 
61,563615 
62,032134 
62,099739 
62,529628 
61,51801 
62,010479 
61,449291 
68,31437 
61,551737 
63,328933 
61,275657 
64,032116 
71,349761 
62,204514 
65,369262 
61,687205 
62,825172 
60,137232 
65,853976 
62,875102 
68,956326 
62,008384 
61,48728 
63,528257 
62,17542 
63,035866 
63,536267 
70,751312 
63,065125 
62,447125 
68,70471 
62,904918 
64,60855 
62,657086 
69,442639 
61,34968 
61,997836 
62,36375 
62,057867 
64,057307 
62,122349 
62,662182 
63,268794 
63,34061 
66,373905 
63,784796 
63,607617 
62,680389 
62,121278 
62,964434 
64,070428 
62,355249 
64,533002 
62,833072 
62,15037 
63,236139 
66,11381 
61,574253 
63,146747 
63,742138 
61,166474 
61,101769 
63,420645 
62,887185 
66,98977 
61,144493 
 is-promise: 
 is-sorted: 
73,752119 
74,598701 
73,914309 
73,499755 
74,02043 
74,175629 
80,803383 
73,838603 
73,911578 
74,528448 
75,112836 
75,161909 
74,024394 
74,258728 
74,235423 
74,095529 
74,295605 
74,732781 
73,696907 
74,222115 
75,721391 
73,813936 
73,663706 
73,846212 
74,39962 
73,643543 
75,021394 
74,172754 
74,693421 
75,25323 
74,999848 
73,90631 
73,894264 
73,460271 
75,419832 
74,584078 
73,008704 
74,481296 
76,116801 
73,870908 
75,368719 
74,777013 
74,891937 
74,744723 
73,543291 
73,376519 
74,494906 
73,874572 
74,88839 
74,116965 
73,951562 
74,375255 
73,800626 
76,555742 
74,435854 
76,27663 
74,823569 
73,927857 
73,974091 
81,569124 
73,803867 
74,164674 
74,256595 
73,659672 
73,832114 
74,307216 
73,280859 
74,194817 
73,4426 
73,98236 
74,167519 
74,239923 
74,134165 
74,531962 
75,235533 
73,937956 
73,830128 
74,79046 
74,093115 
74,124851 
75,25214 
73,809044 
74,554048 
73,359875 
73,819847 
75,169325 
74,714133 
73,504131 
73,563874 
75,453038 
75,057788 
75,403874 
75,345402 
74,365298 
73,377125 
73,713962 
75,045766 
74,374764 
74,244194 
74,04346 
74,438287 
 left-pad: 
318,991873 
349,551683 
345,67659 
345,464403 
343,515102 
344,179486 
346,173119 
352,82613 
343,097658 
347,494702 
337,786 
355,861328 
343,232234 
343,644283 
344,349743 
341,952445 
344,163846 
347,673248 
341,759495 
349,80698 
342,409888 
344,724141 
343,854644 
352,787483 
337,762167 
325,969539 
343,071231 
347,016022 
347,109142 
341,73517 
340,919519 
348,686407 
325,639099 
346,378873 
336,791021 
342,756008 
340,101673 
343,567572 
332,924259 
337,264164 
340,563768 
320,396586 
337,614426 
332,767554 
347,006508 
322,409742 
344,966231 
346,672198 
363,084138 
345,033986 
344,727537 
342,084684 
344,166617 
341,83646 
341,820851 
342,510119 
346,196808 
341,193154 
347,40388 
321,636769 
345,003263 
319,869606 
326,772491 
344,313665 
345,201145 
331,988926 
349,942115 
340,971122 
319,480077 
319,782636 
345,364605 
344,439875 
344,880415 
340,598944 
341,792402 
341,674056 
324,729918 
345,159227 
343,729957 
323,571046 
341,207151 
342,695353 
343,83038 
341,238253 
353,76528 
348,150909 
343,296614 
342,173441 
345,48875 
341,698278 
339,254708 
340,693666 
343,609283 
347,491907 
349,646694 
346,235585 
342,926536 
322,547182 
324,080817 
345,010916 
333,106587 
 missing-deep-keys: 
39,141472 
129,422024 
39,651295 
138,646846 
39,323896 
129,31894 
39,313833 
129,742074 
39,51646 
130,007653 
39,59215 
129,890693 
39,359231 
130,259265 
39,356141 
129,943977 
39,576599 
129,146918 
40,108254 
132,460384 
39,693254 
129,295979 
39,664454 
133,43382 
39,779756 
134,52221 
39,264532 
131,286297 
39,514464 
130,189126 
39,323802 
128,84211 
39,297532 
129,90276 
40,911744 
130,057621 
39,447806 
129,854452 
39,390318 
129,443872 
39,485089 
129,370317 
39,197434 
129,724644 
39,588563 
130,028118 
39,849554 
130,333574 
39,329847 
130,168682 
39,294699 
132,114947 
39,57793 
132,282236 
39,222605 
129,525497 
39,582176 
130,82572 
39,208441 
129,35586 
39,236887 
129,444138 
39,603537 
129,408041 
39,40706 
129,786583 
39,580702 
128,986082 
39,617797 
136,513264 
39,098722 
131,298373 
39,445375 
129,602585 
39,139858 
128,691301 
39,672716 
130,128031 
39,347944 
129,349103 
39,290026 
129,67649 
39,398412 
134,553079 
39,580124 
129,399095 
39,775643 
133,871089 
39,218806 
140,719454 
39,66711 
130,130588 
39,640583 
128,659702 
39,286167 
135,264357 
39,218752 
132,254479 
39,610434 
129,709101 
39,008738 
129,780499 
39,460883 
128,575298 
38,083479 
129,430061 
39,479693 
135,958458 
39,269892 
131,449003 
39,462808 
130,018284 
39,56694 
129,537155 
39,431042 
129,232203 
39,658425 
130,233765 
39,660495 
132,586036 
39,896505 
132,194619 
39,529469 
132,577619 
39,461032 
128,974596 
39,293053 
135,193614 
39,261194 
132,282188 
39,815112 
129,229384 
39,749871 
129,465678 
39,766736 
129,461037 
39,243341 
131,961983 
39,142867 
129,253003 
39,159061 
129,9894 
39,677124 
131,808177 
39,380213 
129,610455 
39,279075 
130,234343 
39,652318 
132,649159 
39,15575 
135,787081 
39,639158 
131,114366 
39,409464 
129,34343 
39,476275 
129,474091 
39,337161 
130,098244 
39,694364 
128,033246 
39,436592 
134,257332 
39,410444 
132,633412 
39,151148 
132,098604 
39,314982 
130,364342 
39,601701 
131,147292 
39,056443 
137,425569 
39,569086 
141,471409 
39,432856 
130,020843 
39,18189 
129,420796 
39,816781 
133,12752 
39,604054 
132,718104 
39,44619 
134,680682 
39,513971 
129,897545 
39,243596 
139,849576 
57,386793 
128,965911 
39,266014 
128,929858 
39,769333 
129,864044 
39,471374 
130,140623 
39,251992 
133,138684 
39,238167 
132,983703 
 ndarray: 
86,544444 
86,277152 
87,057801 
92,133381 
87,414565 
87,046684 
86,778511 
86,309369 
86,664523 
85,578697 
87,701934 
86,868575 
86,906741 
86,259394 
87,204282 
88,550153 
87,401351 
86,854075 
86,917205 
86,095466 
87,508003 
86,177536 
86,316912 
88,368798 
88,56283 
89,327437 
87,07153 
85,682739 
85,996512 
86,523169 
87,154471 
87,387657 
86,377271 
85,396631 
89,379813 
85,62093 
86,864846 
86,998098 
87,548863 
86,499036 
88,621428 
86,21183 
86,281461 
85,669686 
87,398878 
86,981589 
86,240795 
87,015094 
87,600132 
87,21127 
86,778922 
87,772306 
87,560396 
87,127936 
86,71406 
86,709317 
87,546744 
87,6357 
87,776253 
86,955109 
88,378424 
88,032962 
87,445988 
87,203181 
86,440248 
85,97917 
86,707038 
87,248977 
86,351504 
86,515026 
87,238228 
88,753561 
86,805284 
86,93489 
86,914233 
86,797648 
86,808023 
86,559459 
87,955894 
86,068348 
87,13706 
85,750115 
86,973573 
86,489711 
85,753217 
86,603154 
88,007823 
88,203798 
87,867951 
86,879448 
87,621329 
86,881895 
86,399564 
87,17814 
87,275611 
86,174008 
87,332411 
88,493173 
86,614396 
87,534053 
86,692264 
 node-du: 
102,743777 
101,399962 
109,82246 
100,970625 
101,464949 
103,510077 
105,472147 
106,033747 
102,378252 
101,841485 
112,095996 
103,707684 
116,926614 
110,472206 
101,818851 
101,038121 
100,284061 
114,905822 
102,79227 
116,439556 
103,572437 
108,994012 
100,634389 
108,009115 
101,240523 
108,841524 
103,303079 
106,871059 
101,224159 
102,842582 
102,957145 
102,21747 
102,074943 
103,866007 
102,724735 
101,667664 
106,522818 
102,74109 
102,740767 
103,799599 
101,416366 
109,24539 
105,277632 
100,396428 
107,879952 
102,420671 
108,211411 
104,331377 
102,308576 
102,244135 
108,492492 
101,875801 
101,411669 
99,128639 
101,650867 
104,256713 
105,801353 
100,613399 
103,161734 
103,180697 
101,324494 
101,599852 
100,931868 
102,601385 
108,312474 
105,000268 
101,750282 
102,654623 
101,441312 
102,854844 
105,007926 
103,165462 
100,995319 
100,021685 
101,134292 
103,898463 
110,996416 
99,451879 
101,349634 
102,502771 
109,068621 
100,075186 
109,369059 
103,622237 
102,023412 
101,628998 
107,588083 
109,212464 
99,922512 
111,53065 
103,418456 
99,895258 
109,63443 
102,999026 
103,58183 
104,955552 
103,753633 
103,137545 
101,672554 
100,534009 
103,478611 
 node-glob: 
    26,551695 
    14,173322 
    14,746332 
    14,021905 
    19,033616 
    15,078098 
    15,099781 
    13,546333 
    14,756661 
    14,839435 
    14,511519 
    13,872083 
    14,276899 
    14,014029 
    14,524986 
    18,86069 
    18,934577 
    13,917579 
    14,827569 
    27,100823 
    14,091818 
    14,037211 
    14,095683 
    13,940042 
    14,099865 
    14,370544 
    13,964724 
    14,929847 
    14,151908 
    14,014239 
    24,9721 
    14,867893 
    14,145634 
    13,79212 
    18,821244 
    13,874947 
    15,628241 
    14,46772 
    14,868605 
    15,216043 
    13,829807 
    14,28275 
    14,218243 
    13,993731 
    14,67147 
    18,930914 
    18,957592 
    14,404396 
    15,341144 
    14,935727 
    14,480884 
    14,597151 
    15,287591 
    14,079286 
    14,329736 
    14,49384 
    13,831656 
    14,025064 
    15,208185 
    14,091987 
    25,945424 
    15,164091 
    14,150396 
    14,79208 
    19,968258 
    14,130061 
    14,875775 
    21,897556 
    17,636902 
    14,341059 
    46,976029 
    31,561977 
    15,223532 
    14,78533 
    14,81687 
    19,152464 
    19,80118 
    14,36203 
    14,141358 
    14,643133 
    14,853258 
    14,120329 
    14,513798 
    13,908099 
    14,156201 
    14,088778 
    14,4272 
    14,241485 
    14,17968 
    14,297968 
    39,353673 
    14,382146 
    13,987238 
    14,139396 
    19,029324 
    14,176439 
    14,064219 
    13,752693 
    14,132282 
    14,284239 
    14,017936 
    14,129232 
    14,233484 
    14,361829 
    13,975716 
    18,947418 
    19,185464 
    14,091948 
    14,926765 
    14,196669 
    14,19476 
    14,809115 
    15,116265 
    14,086329 
    15,026464 
    16,046973 
    13,88287 
    14,158241 
    14,284963 
    14,153284 
    27,849893 
    14,206326 
    14,866587 
    13,966964 
    19,362723 
    14,401426 
    14,253785 
    14,015492 
    14,166205 
    13,884512 
    14,832233 
    14,341439 
    13,918422 
    14,295959 
    15,34507 
    19,065051 
    18,987549 
    14,972525 
    14,21965 
    15,12285 
    14,157018 
    15,095416 
    14,670466 
    15,552594 
    14,031341 
    14,108954 
    14,836328 
    14,419525 
    14,274471 
    14,247976 
    31,155964 
    14,000999 
    15,040481 
    21,784103 
    18,854184 
    14,17241 
    14,227354 
    14,103792 
    14,156074 
    15,168371 
    14,969286 
    14,640602 
    14,133868 
    14,213933 
    13,995395 
    19,766496 
    18,949235 
    14,840238 
    14,24631 
    14,577242 
    14,621326 
    16,189621 
    14,180381 
    15,068049 
    14,125326 
    14,725708 
    14,55032 
    14,567925 
    14,145472 
    15,078661 
    26,490414 
    13,920222 
    15,009683 
    14,332684 
    27,700831 
    14,645702 
    15,167945 
    14,819243 
    13,995857 
    14,219318 
    13,911359 
    14,077868 
    14,146237 
    14,257751 
    13,611396 
    19,197277 
    18,739944 
    14,266592 
    14,251398 
    14,862404 
    15,138834 
    15,022633 
    14,149562 
    14,187725 
    15,104523 
    13,894519 
    16,04097 
    14,994234 
    15,213297 
    15,386027 
    26,09504 
    13,708287 
    14,419343 
    14,191846 
    19,054096 
    14,10947 
    14,364728 
    14,378936 
    14,329388 
    14,288868 
    13,95187 
    14,504531 
    15,168482 
    22,820875 
    14,740382 
    18,930505 
    18,780035 
    14,138236 
    15,123378 
    14,233127 
    13,925694 
    14,05386 
    14,499399 
    14,056441 
    15,915213 
    14,865952 
    13,871313 
    13,982868 
    24,519475 
    13,989597 
    37,106943 
    15,134757 
    14,132878 
    14,385394 
    19,248091 
    14,649851 
    14,849628 
    16,107736 
    14,868964 
    14,014371 
    13,945325 
    15,024195 
    14,255364 
    15,931201 
    16,593543 
    19,007262 
    19,165919 
    14,128628 
    14,251763 
    14,082566 
    14,161311 
    14,27286 
    15,034147 
    13,933206 
    17,673739 
    14,248953 
    14,839283 
    14,15431 
    14,118656 
    15,077827 
    30,539591 
    14,251889 
    14,119226 
    14,319423 
    19,107516 
    14,62243 
    15,408826 
    14,671692 
    14,296963 
    14,420017 
    14,794481 
    14,982432 
    14,344745 
    14,552438 
    14,147376 
    20,606423 
    19,005242 
    14,72231 
    14,076099 
    13,840369 
    15,713194 
    13,87146 
    18,80959 
    14,65928 
    17,604267 
    14,058351 
    14,173215 
    14,178603 
    15,807128 
    14,03296 
    28,300973 
    14,108897 
    14,482991 
    14,811776 
    18,988808 
    15,325406 
    14,350916 
    13,856752 
    13,865855 
    14,608385 
    16,285805 
    13,99948 
    14,072172 
    14,145715 
    14,270366 
    18,881801 
    18,94082 
    14,02175 
    14,478129 
    14,220781 
    17,288342 
    14,235256 
    15,445174 
    17,159135 
    14,656546 
    14,234349 
    14,549195 
    14,277862 
    14,300181 
    14,455901 
    25,932296 
    14,051619 
    30,951766 
    15,305737 
    18,85894 
    14,114882 
    15,021485 
    14,361207 
    14,712586 
    14,408186 
    14,881939 
    14,388967 
    15,063477 
    15,807363 
    15,828682 
    18,868924 
    20,445505 
    14,198247 
    13,956999 
    13,978355 
    15,426764 
    14,239639 
    14,065417 
    14,338434 
    14,055504 
    14,217679 
    14,269384 
    14,261612 
    14,40822 
    14,657753 
    27,694474 
    15,145108 
    14,085273 
    14,336995 
    19,177245 
    14,205228 
    14,275957 
    14,274778 
    15,089823 
    14,023809 
    16,133466 
    16,035163 
    14,08654 
    14,23654 
    14,35968 
    18,956378 
    19,075562 
    14,419167 
    14,169757 
    14,323425 
    14,110695 
    19,096647 
    13,952871 
    14,468758 
    14,447217 
    14,822727 
    15,33447 
    14,169903 
    14,341658 
    14,153758 
    64,540529 
    14,267735 
    14,962091 
    15,160795 
    18,899535 
    14,23124 
    14,205653 
    13,93458 
    15,350641 
    14,225866 
    16,564598 
    14,226513 
    14,436427 
    14,189012 
    14,249856 
    18,891303 
    19,361285 
    15,473324 
    25,602253 
    14,80021 
    14,187309 
    15,147908 
    14,060541 
    14,117484 
    14,192772 
    13,977918 
    13,952727 
    14,131422 
    14,014823 
    15,242154 
    26,62258 
    15,871757 
    14,264226 
    15,399247 
    18,961165 
    14,818795 
    14,191565 
    13,829269 
    14,200825 
    15,484017 
    14,240007 
    14,885709 
    14,573166 
    14,129213 
    14,343985 
    20,009828 
    18,875141 
    14,259193 
    15,33827 
    14,248653 
    14,910724 
    14,184008 
    23,154746 
    14,855865 
    15,09724 
    14,119323 
    14,042203 
    14,204929 
    14,413677 
    14,100272 
    26,237389 
    14,249427 
    13,977226 
    15,183484 
    19,645159 
    14,349032 
    14,048557 
    13,757481 
    14,281775 
    50,734972 
    13,657719 
    41,980671 
    14,160156 
    13,952949 
    14,036056 
    19,033982 
    19,691348 
    14,229725 
    14,277352 
    13,991363 
    13,898921 
    13,981142 
    14,114445 
    14,553036 
    15,088974 
    14,68135 
    14,979209 
    15,593851 
    15,986194 
    14,131079 
    25,828953 
    14,048091 
    15,206304 
    14,701478 
    19,949244 
    14,022057 
    14,999089 
    13,97669 
    14,199122 
    14,09793 
    14,583909 
    14,029087 
    15,86658 
    14,254071 
    13,979811 
    19,713019 
    19,433008 
    14,783889 
    14,015131 
    14,155368 
    14,238591 
    13,912733 
    14,146386 
    14,111131 
    14,245177 
    14,981673 
    14,044255 
    13,960957 
    13,840497 
    14,391135 
    31,073591 
    14,460868 
    14,398859 
    14,227415 
    19,003563 
    14,169446 
    14,364953 
    14,775539 
    14,501686 
    14,322004 
    14,052994 
    14,217885 
    15,143745 
    14,203347 
    14,098111 
    18,997366 
    19,027997 
    15,000574 
    14,267274 
    14,291797 
    14,09253 
    14,015363 
    14,537694 
    14,429341 
    14,175667 
    16,015532 
    15,044015 
    15,241749 
    14,193929 
    14,182162 
    31,025977 
    14,192896 
    14,111487 
    14,854549 
    20,143241 
    14,143489 
    14,215234 
    15,034232 
    14,044554 
    14,494527 
    14,128387 
    14,965226 
    14,362892 
    14,096239 
    14,326824 
    18,830787 
    18,888714 
    14,283844 
    14,994713 
    14,85883 
    14,353872 
    24,902754 
    14,254257 
    14,648739 
    15,0836 
    14,361829 
    17,307424 
    15,732628 
    14,095761 
    14,167151 
    27,422044 
    15,146045 
    13,988081 
    14,205252 
    18,892955 
    24,365674 
    13,987739 
    14,593487 
    14,730794 
    14,129057 
    14,575356 
    15,093015 
    14,236554 
    33,052199 
    14,1255 
    19,269395 
    18,895168 
    14,276029 
    14,392292 
    14,040874 
    14,664877 
    14,234921 
    14,427869 
    16,016382 
    15,027647 
    16,476808 
    17,502233 
    14,391092 
    14,177222 
    15,503672 
    26,496453 
    13,958402 
    14,841635 
    14,057889 
    19,187432 
    14,297426 
    13,837497 
    26,538392 
    14,697563 
    13,874505 
    14,883187 
    15,733344 
    14,728151 
    14,027709 
    14,010841 
    18,99815 
    19,169678 
    14,803493 
    14,701221 
    13,979261 
    28,700895 
    14,149322 
    14,524903 
    14,062043 
    16,415598 
    13,877244 
    13,994214 
    14,214091 
    14,338986 
    14,037868 
    61,312638 
    15,19594 
    14,260244 
    14,379558 
    19,214103 
    14,56511 
    14,614442 
    14,249432 
    14,567692 
    15,051118 
    13,949595 
    14,390264 
    14,876002 
    14,005868 
    14,214082 
    19,076719 
    18,915357 
    14,280178 
    14,928749 
    15,353258 
    14,269038 
    14,333255 
    14,981322 
    14,029527 
    14,051557 
    14,939333 
    14,915126 
    15,076508 
    18,910636 
    14,132608 
    26,532759 
    14,091844 
    14,806122 
    14,086791 
    18,861054 
    14,068499 
    14,240496 
    13,935248 
    14,692778 
    14,201513 
    13,864161 
    15,496711 
    14,301596 
    14,483206 
    15,681852 
    19,040058 
    19,175646 
    14,102104 
    14,047535 
    14,197894 
    14,353905 
    15,171254 
    14,225004 
    14,062419 
    14,188768 
    14,136464 
    14,812778 
    29,31576 
    15,944542 
    14,138437 
    26,837465 
    14,486553 
    14,105724 
    14,012024 
    18,882088 
    14,044176 
    13,970095 
    13,928791 
    14,900541 
    14,005241 
    13,977841 
    14,14279 
    14,115918 
    15,680528 
    16,235961 
    19,981384 
    18,822574 
    14,141594 
    13,881044 
    15,634336 
    14,170951 
    14,18145 
    14,262413 
    14,213833 
    14,01851 
    14,719884 
    14,02256 
    13,896708 
    14,094931 
    14,243129 
    25,6829 
    14,372444 
    15,078178 
    14,952201 
    19,130846 
    14,496313 
    15,083099 
    14,834195 
    14,120694 
    14,19325 
    16,328792 
    14,289588 
    14,991507 
    14,635731 
    14,121899 
    18,980075 
    20,019224 
    15,390057 
    14,220323 
    14,059354 
    14,661604 
    15,478462 
    14,043188 
    13,734173 
    14,028954 
    14,017622 
    13,889136 
    14,17936 
    15,391726 
    14,120165 
    27,130245 
    13,980119 
    13,723381 
    14,220765 
    19,064893 
    13,92257 
    14,069203 
    14,010219 
    14,124848 
    14,19219 
    13,658879 
    14,136447 
    14,141078 
    13,924468 
    15,059995 
    19,625667 
    18,775289 
    14,169638 
    13,969014 
    14,46788 
    18,799987 
    14,109533 
    15,554078 
    13,850729 
    14,075332 
    14,263244 
    13,919036 
    24,935331 
    13,978415 
    15,990592 
    25,336289 
    13,964257 
    14,128743 
    15,935207 
    19,120877 
    15,345229 
    14,13179 
    15,095188 
    14,087645 
    14,275459 
    14,760649 
    14,186704 
    14,872654 
    14,449645 
    15,41861 
    19,020751 
    19,33116 
    14,785866 
    13,970347 
    15,089272 
    14,027623 
    14,142215 
    14,492001 
    14,625644 
    14,381685 
    14,168269 
    15,041152 
    14,340302 
    14,231061 
    14,474727 
    27,386041 
    13,955318 
    15,276447 
    16,204678 
    18,95842 
    14,35473 
    14,246589 
    13,581565 
    14,213689 
    15,112459 
    13,906626 
    14,008612 
    13,979455 
    14,045621 
    14,164958 
    18,885423 
    18,93736 
    14,950161 
    15,39097 
    14,202521 
    15,233412 
    14,258653 
    14,230631 
    13,760297 
    14,13912 
    14,289232 
    14,675352 
    14,153182 
    14,092807 
    16,538108 
    25,825698 
    14,317515 
    14,405379 
    14,193287 
    19,102484 
    14,090128 
    14,22592 
    14,148749 
    14,183762 
    14,26085 
    13,942948 
    14,262483 
    14,111868 
    15,331426 
    15,009753 
    18,832383 
    18,702432 
    14,069761 
    14,950633 
    14,217093 
    14,189775 
    13,918 
    14,004011 
    14,056117 
    14,171273 
    13,819837 
    14,632154 
    14,415377 
    14,194205 
    16,775234 
    28,91828 
    17,916567 
    14,127954 
    14,196737 
    18,970862 
    14,423212 
    15,561261 
    15,158859 
    13,890378 
    14,204983 
    14,763762 
    14,015759 
    14,002471 
    14,838619 
    14,10499 
    19,090828 
    18,863206 
    14,767606 
    14,335834 
    14,019837 
    14,545777 
    14,078567 
    14,332932 
    14,62257 
    14,141101 
    14,085328 
    17,345912 
    14,184173 
    14,099474 
    14,807294 
    35,825384 
    14,252979 
    14,30487 
    14,241371 
    19,829169 
    14,609156 
    14,181535 
    14,449664 
    14,480338 
    14,235733 
    14,063022 
    14,309308 
    14,064667 
    13,790326 
    15,103592 
    18,875241 
    18,79498 
    13,854704 
    14,362586 
    29,354569 
    14,174831 
    14,043118 
    15,016073 
    15,483673 
    15,073981 
    14,363546 
    14,230572 
    14,515389 
    14,342585 
    15,101419 
    26,88289 
    14,252797 
    14,288198 
    14,518241 
    19,841548 
    14,491336 
    14,584333 
    13,741342 
    14,119872 
    13,90277 
    29,174611 
    14,198645 
    14,074667 
    14,156535 
    14,704098 
    19,098462 
    19,253903 
    14,277282 
    14,526431 
    14,052253 
    14,652442 
    15,859269 
    14,822038 
    13,961442 
    15,711174 
    14,04792 
    14,493899 
    15,776926 
    14,194292 
    15,254273 
    28,600569 
    13,824026 
    14,141466 
    15,930235 
    19,069092 
    14,673464 
    14,13229 
    13,960932 
    14,06576 
    14,271713 
    14,636019 
    14,353429 
    14,141181 
    14,659972 
    14,605297 
    19,505959 
    19,886534 
    14,193563 
    14,139921 
    14,222168 
    14,609129 
    14,089271 
    15,008319 
    14,634032 
    14,107738 
    15,012318 
    13,964242 
    14,302064 
    14,448072 
    18,128534 
    32,656376 
    14,173194 
    14,266993 
    14,228122 
    19,116978 
    14,535296 
    13,977302 
    13,978039 
    15,962535 
    14,395623 
    14,588931 
    13,943996 
    15,095461 
    14,100614 
    14,275981 
    19,119594 
    19,06389 
    13,95135 
    14,098839 
    15,052103 
    14,343668 
    13,986885 
    14,078667 
    14,81764 
    14,749982 
    14,165908 
    13,984389 
    14,143851 
    14,118841 
    14,131784 
    26,904766 
    17,451062 
    14,092519 
    14,353602 
    19,140977 
    14,640782 
    14,190182 
    13,968269 
    15,092397 
    14,199353 
    14,706928 
    14,169881 
    14,367545 
    15,937956 
    14,085074 
    18,961165 
    18,833682 
    15,095097 
    14,332318 
    15,632429 
    13,97707 
    14,137818 
    14,302088 
    14,108614 
    14,719732 
    14,289637 
    14,946961 
    14,719589 
    14,418242 
    14,199533 
    39,506027 
    14,134286 
    15,074858 
    13,849908 
    19,740135 
    14,044549 
    13,877375 
    16,271472 
    14,082021 
    15,072857 
    13,987107 
    14,121752 
    15,813733 
    14,865176 
    13,987384 
    20,110653 
    18,899159 
    14,339981 
    14,558999 
    14,176447 
    14,188975 
    14,28165 
    15,730272 
    13,938996 
    14,874877 
    13,948403 
    13,74927 
    17,982149 
    14,679294 
    13,922936 
    26,732147 
    14,152731 
    14,778642 
    14,339684 
    19,10426 
    14,553858 
    14,053872 
    14,511226 
    15,234255 
    17,782448 
    14,720296 
    13,884843 
    14,391669 
    14,324281 
    14,273057 
    19,085564 
    18,960694 
    14,098181 
    14,159297 
    14,067134 
    14,189392 
    14,061813 
    13,939903 
    15,637958 
    14,093646 
    15,44358 
    14,619779 
    14,172547 
    21,42797 
    14,725944 
    25,804272 
    14,938842 
    30,780399 
    16,033806 
    19,206154 
    14,659268 
    14,233547 
    14,733266 
    14,543856 
    13,99194 
    15,064725 
    14,364297 
    14,228744 
    14,210341 
    14,332962 
    18,998297 
    19,103142 
    15,000683 
    14,125976 
    14,319613 
    14,088984 
    14,817903 
    14,810564 
    13,895734 
    27,711311 
    14,849671 
    13,812026 
    14,715264 
    14,225324 
    13,935869 
    26,647221 
    15,325069 
    14,16162 
    14,162865 
    19,07855 
    14,132684 
    14,120104 
    13,994315 
    14,960336 
    14,911549 
    15,229806 
    15,152313 
    15,136856 
    15,018885 
    13,900852 
    18,870682 
    19,096196 
    13,876553 
    14,94121 
    16,128021 
    15,108327 
    14,532042 
    14,24686 
    14,639462 
    14,11405 
    14,240066 
    15,088171 
    15,339885 
    13,844359 
    14,070962 
    26,21778 
    14,341679 
    14,284475 
    14,834208 
    19,22086 
    15,066061 
    14,177417 
    14,474018 
    14,741221 
    14,059283 
    14,130853 
    15,088715 
    14,14308 
    14,042984 
    15,08598 
    18,822571 
    18,949896 
    14,449394 
    14,266043 
    14,763844 
    15,067909 
    21,529179 
    15,590526 
    13,738356 
    14,286654 
    14,349354 
    14,786236 
    14,13639 
    14,134934 
    14,155598 
    25,874867 
    14,868141 
    14,169433 
    14,95939 
    19,117234 
    16,692794 
    15,378653 
    14,024015 
    14,995818 
    14,173005 
    14,657561 
    14,14265 
    14,770365 
    14,081679 
    15,240056 
    18,985404 
    22,110156 
    14,10658 
    14,143777 
    14,410627 
    14,041998 
    14,273772 
    14,151531 
    13,843064 
    15,045705 
    14,155906 
    13,910761 
    42,266208 
    14,868474 
    14,459774 
    27,106041 
    14,821946 
    13,93592 
    14,176801 
    20,041023 
    32,627797 
    14,326073 
    14,062984 
    15,955034 
    14,433359 
    14,59699 
    14,173887 
    14,349508 
    14,09465 
    14,114252 
    18,855919 
    18,974777 
    16,729296 
    15,735275 
    14,384066 
    14,19791 
    15,087264 
    14,751862 
    14,669221 
    14,233532 
    14,629926 
    13,856666 
    15,149523 
    14,262964 
    14,154151 
    27,522704 
    15,126662 
    14,430068 
    14,768778 
    19,168195 
    14,110358 
    14,136873 
    14,799876 
    14,814611 
    14,894549 
    14,447509 
    14,168878 
    14,421899 
    14,33902 
    14,16293 
    18,854219 
    19,012996 
    14,218325 
    15,936073 
    13,8567 
    14,053981 
    14,359087 
    14,207678 
    14,666612 
    14,066685 
    14,542026 
    15,24992 
    13,95978 
    14,160985 
    15,038707 
    27,099393 
    14,812491 
    14,256861 
    14,179774 
    19,56485 
    14,105625 
    14,255451 
    13,923588 
    15,044225 
    16,192405 
    13,798782 
    14,02233 
    14,784903 
    14,306014 
    14,267236 
    18,852325 
    19,071961 
    16,657117 
    14,356246 
    14,211178 
    14,230043 
    14,283607 
    14,318479 
    14,599763 
    13,964073 
    14,433309 
    16,3072 
    14,192966 
    14,241991 
    14,747733 
    26,524697 
    14,842975 
    15,925864 
    13,976929 
    18,917209 
    14,137352 
    13,891256 
    16,34209 
    14,176806 
    14,156403 
    14,030561 
    15,949886 
    14,255506 
    14,406303 
    14,869399 
    18,83504 
    19,768296 
    15,120447 
    14,08305 
    14,347462 
    13,95168 
    14,109682 
    14,251659 
    13,967829 
    14,329476 
    14,024231 
    14,111824 
    14,796954 
    14,098381 
    14,117517 
    28,156434 
    14,156498 
    14,117757 
    14,939019 
    18,964851 
    15,220214 
    14,820452 
    13,951898 
    14,51364 
    14,696447 
    14,645669 
    17,14768 
    14,06943 
    15,132047 
    14,37203 
    18,832554 
    18,924632 
    14,275474 
    14,280622 
    14,111541 
    15,24348 
    14,027572 
    14,308835 
    24,525858 
    15,005228 
    16,983713 
    14,176335 
    14,756437 
    14,73947 
    14,305492 
    27,564759 
    14,288944 
    14,043899 
    14,128423 
    18,910988 
    13,909129 
    14,014999 
    13,960171 
    13,996058 
    14,34156 
    13,911189 
    14,604555 
    14,350221 
    14,278271 
    14,11495 
    19,082499 
    19,736389 
    14,109818 
    13,989648 
    14,600963 
    14,347136 
    14,200156 
    14,373591 
    14,286793 
    14,399946 
    13,993792 
    14,410939 
    14,239189 
    14,718745 
    15,562155 
    26,477697 
    14,089387 
    15,03408 
    14,077251 
    19,199988 
    14,659711 
    13,99519 
    14,130017 
    14,138147 
    14,941307 
    14,626688 
    14,212107 
    14,058289 
    14,4322 
    14,230372 
    18,835134 
    19,030956 
    14,139065 
    15,412711 
    14,252066 
    14,259087 
    14,832522 
    14,232882 
    14,092829 
    14,162699 
    14,099292 
    14,06394 
    14,193233 
    14,034425 
    14,09558 
    26,086567 
    14,122808 
    14,161077 
    14,825788 
    18,919433 
    14,002769 
    15,03668 
    14,147002 
    13,944368 
    13,9978 
    15,081979 
    14,745642 
    15,055629 
    14,296595 
    14,012785 
    20,35631 
    19,178986 
    13,978732 
    14,593289 
    14,001609 
    14,247519 
    14,04106 
    13,687775 
    13,905483 
    14,889799 
    14,257687 
    13,882102 
    14,86596 
    14,317942 
    14,077504 
    26,01494 
    14,255075 
    14,01012 
    14,332135 
    19,09195 
    14,708484 
    14,243132 
    14,085755 
    14,085729 
    14,096519 
    14,103402 
    15,006692 
    14,337623 
    14,299526 
    14,293877 
    19,137857 
    19,080814 
    14,185898 
    16,035162 
    14,068577 
    14,159579 
    14,10809 
    14,42707 
    13,926841 
    14,044244 
    14,03225 
    15,166293 
    14,288733 
    14,123384 
    14,105842 
    26,74288 
    13,759024 
    14,961318 
    14,500241 
    19,945772 
    14,13097 
    14,813164 
    14,034584 
    14,135233 
    13,924683 
    14,033014 
    14,101156 
    14,114875 
    14,050246 
    13,98919 
    19,834305 
    18,987669 
    15,605236 
    14,14186 
    14,263578 
    14,877836 
    14,1144 
    15,334874 
    13,956255 
    14,194128 
    14,155929 
    14,206852 
    14,111525 
    14,007703 
    14,759652 
    26,90493 
    14,079507 
    13,923488 
    14,111337 
    18,920153 
    14,275527 
    14,227092 
    13,815863 
    14,032158 
    14,893334 
    14,783655 
    14,215711 
    16,315483 
    14,090198 
    14,233091 
    19,116697 
    19,843774 
    15,191745 
    15,368972 
    14,263076 
    14,214777 
    14,43451 
    14,903677 
    14,056805 
    14,109374 
    14,983455 
    13,840981 
    14,212927 
    14,030267 
    13,94132 
    38,311603 
    14,06271 
    14,106214 
    14,112978 
    19,039294 
    14,960611 
    14,181199 
    14,041992 
    14,184129 
    13,926253 
    13,600532 
    15,270054 
    13,989637 
    15,300308 
    15,223973 
    18,974344 
    18,994198 
    13,98174 
    14,742775 
    14,19244 
    14,140834 
    14,888217 
    14,237801 
    14,571229 
    14,277099 
    14,689765 
    13,889741 
    14,524842 
    14,045489 
    14,09214 
    26,925335 
    14,328436 
    14,11726 
    14,249137 
    18,925485 
    14,819786 
    14,027846 
    15,291508 
    15,029606 
    14,066118 
    14,041106 
    14,202791 
    14,120924 
    14,273408 
    14,667977 
    18,930129 
    19,011616 
    14,384359 
    14,148309 
    13,958019 
    14,027509 
    14,080935 
    15,045928 
    14,694117 
    14,460045 
    14,681131 
    14,476308 
    13,983508 
    14,962045 
    14,149318 
    32,174072 
    14,758045 
    14,948058 
    14,234363 
    19,93306 
    14,01475 
    14,275425 
    13,901422 
    14,915474 
    14,177339 
    14,138658 
    14,498342 
    15,842154 
    14,217933 
    14,743402 
    18,915586 
    19,012398 
    14,272681 
    14,032938 
    15,054645 
    14,69608 
    14,166938 
    14,011078 
    14,170484 
    13,840238 
    14,018477 
    13,838039 
    13,984381 
    14,259046 
    15,417069 
    31,530735 
    14,042057 
    14,378978 
    14,121458 
    18,856333 
    14,875949 
    14,206995 
    13,809608 
    14,007004 
    14,297655 
    14,424272 
    13,898247 
    14,086438 
    15,029523 
    14,00754 
    18,982979 
    18,928634 
    14,550664 
    14,116694 
    13,952864 
    14,877372 
    14,667424 
    14,454806 
    14,077257 
    14,087398 
    14,172126 
    14,879614 
    14,318037 
    14,557718 
    14,097271 
    26,512167 
    14,143213 
    14,387261 
    13,954426 
    18,880887 
    14,988799 
    14,203042 
    14,656637 
    14,121928 
    15,44677 
    13,93134 
    14,17651 
    14,242995 
    15,266908 
    15,819222 
    18,921434 
    18,81244 
    13,948891 
    14,079302 
    14,881202 
    14,854507 
    14,442662 
    13,968031 
    13,980049 
    14,052097 
    14,518389 
    15,626718 
    14,779628 
    15,018851 
    14,204459 
    26,827945 
    15,789077 
    14,288761 
    14,266263 
    18,952583 
    14,180453 
    15,29686 
    15,649644 
    15,257417 
    14,764572 
    13,999805 
    14,124724 
    13,972309 
    14,133917 
    16,686659 
    20,095927 
    20,019819 
    14,063429 
    14,098952 
    15,166416 
    14,230255 
    16,456489 
    14,075508 
    15,067739 
    14,299264 
    14,181746 
    14,007966 
    14,858581 
    14,266224 
    14,186655 
    26,184302 
    14,338735 
    13,86816 
    14,205897 
    19,02881 
    14,11817 
    14,40153 
    14,070469 
    15,177995 
    14,980632 
    14,710548 
    14,691644 
    14,090553 
    14,021432 
    14,139532 
    20,300575 
    19,032096 
    14,299054 
    14,050336 
    13,915766 
    13,931653 
    14,067764 
    14,188787 
    15,881783 
    14,348449 
    14,085161 
    13,86144 
    14,275782 
    14,975283 
    14,119079 
    27,164584 
    14,100058 
    14,928231 
    13,915125 
    18,915368 
    15,051242 
    14,160873 
    15,590518 
    15,535865 
    14,111725 
    14,089949 
    14,539981 
    14,439019 
    14,208328 
    14,790387 
    19,180107 
    20,117139 
    14,337367 
    15,154721 
    15,557105 
    14,103035 
    14,333281 
    15,502831 
    14,00372 
    14,738439 
    14,058704 
    14,778695 
    14,105397 
    14,109907 
    14,304127 
    27,127291 
    13,928331 
    14,174959 
    14,155134 
    18,986947 
    14,157209 
    14,163822 
    14,464123 
    15,554368 
    14,291264 
    14,84615 
    14,163211 
    14,115569 
    14,144132 
    16,117063 
    18,853021 
    18,915783 
    14,247435 
    14,892667 
    14,120766 
    15,017491 
    14,183395 
    14,208977 
    14,173973 
    14,456659 
    14,699697 
    14,352086 
    14,163403 
    15,106356 
    14,357167 
    26,725138 
    14,24796 
    14,186124 
    14,214904 
    19,161285 
    14,227417 
    14,212559 
    14,104368 
    14,128644 
    15,44626 
    14,028152 
    14,035568 
    14,149951 
    14,10784 
    14,119962 
    19,917628 
    19,124592 
    14,054875 
    14,060104 
    14,015341 
    14,157899 
    13,90361 
    14,085443 
    13,966008 
    14,764795 
    14,118886 
    14,742247 
    14,256294 
    14,162487 
    14,794142 
    26,949565 
    14,255032 
    14,643751 
    15,182933 
    19,046526 
    15,129078 
    14,29824 
    13,969933 
    14,352394 
    14,754823 
    15,966401 
    14,376682 
    14,108718 
    13,952032 
    14,794741 
    18,912918 
    18,706902 
    14,186093 
    14,065464 
    14,905297 
    14,730709 
    15,054559 
    14,845393 
    14,070953 
    13,980223 
    14,016303 
    14,055041 
    14,113787 
    14,058491 
    14,334963 
    26,608043 
    14,052745 
    14,317728 
    15,83893 
    19,15785 
    14,153418 
    14,800717 
    15,789454 
    14,05106 
    14,057711 
    13,968745 
    14,793646 
    14,641039 
    14,229726 
    14,190831 
    18,852487 
    19,8115 
    15,315719 
    14,730818 
    16,196581 
    14,408759 
    14,162448 
    14,149172 
    14,01375 
    14,659637 
    15,989966 
    13,987365 
    14,324749 
    14,798363 
    14,958125 
    27,183099 
    14,187609 
    14,057267 
    13,947976 
    19,502223 
    14,912013 
    16,808756 
    14,029989 
    14,228599 
    14,998621 
    14,770948 
    14,126631 
    16,306229 
    14,303469 
    15,093525 
    20,04674 
    18,825122 
    14,142041 
    14,032883 
    15,075199 
    14,120886 
    14,919694 
    14,082394 
    14,118818 
    15,650363 
    14,664173 
    14,762905 
    14,148801 
    13,96288 
    14,242334 
    26,954291 
    14,950687 
    14,156458 
    14,289421 
    18,919883 
    14,977178 
    13,888632 
    13,940876 
    14,097185 
    14,199661 
    13,932044 
    15,123598 
    15,208412 
    14,013974 
    14,772324 
    19,055445 
    18,941478 
    15,614691 
    14,156538 
    14,024068 
    15,038832 
    14,495518 
    14,037913 
    14,100047 
    14,280403 
    14,306946 
    15,472707 
    14,657628 
    14,088564 
    14,660018 
    27,486692 
    14,688146 
    14,356033 
    14,354348 
    19,068532 
    14,610453 
    13,968317 
    14,823872 
    14,054712 
    14,835956 
    14,626984 
    14,015057 
    14,051349 
    14,218029 
    14,148665 
    18,846762 
    20,34369 
    15,471587 
    15,266426 
    14,545871 
    16,301109 
    14,141861 
    14,059203 
    14,58802 
    14,132841 
    14,185598 
    14,9356 
    14,08207 
    14,06521 
    14,222262 
    26,519687 
    14,292242 
    13,97428 
    14,230913 
    19,200809 
    14,421113 
    14,645329 
    14,814917 
    14,456219 
    16,097351 
    16,191078 
    15,084606 
    15,961603 
    13,93368 
    14,104849 
    19,103063 
    19,071399 
    14,663543 
    15,706076 
    16,057069 
    14,899873 
    15,136155 
    14,40686 
    13,97986 
    14,34786 
    14,06029 
    14,007156 
    14,87606 
    15,761379 
    14,730414 
    27,038954 
    14,520512 
    15,074413 
    14,071667 
    19,043929 
    14,803014 
    14,333564 
    14,012145 
    14,092375 
    14,03272 
    14,656549 
    14,282851 
    13,997778 
    14,443713 
    13,94752 
    18,908085 
    18,986327 
    15,16197 
    14,021754 
    14,705763 
    14,212983 
    14,821685 
    14,27339 
    14,095438 
    15,032905 
    14,220473 
    13,869132 
    14,12693 
    14,034453 
    15,097813 
    32,44633 
    13,84016 
    14,222654 
    14,261608 
    18,804464 
    14,853832 
    14,148377 
    14,985943 
    14,2023 
    15,81687 
    14,857182 
    14,485845 
    13,915 
    14,330946 
    14,182996 
    19,359185 
    19,163047 
    13,966638 
    15,011326 
    13,844553 
    14,237224 
    14,364954 
    23,775335 
    15,687747 
    15,205965 
    14,487531 
    17,312717 
    14,190616 
    14,289677 
    15,005466 
    27,440496 
    14,203148 
    14,144622 
    14,140368 
    19,043339 
    14,639365 
    14,378155 
    14,864256 
    14,187875 
    14,208119 
    14,823428 
    14,268866 
    29,887334 
    15,189093 
    14,266749 
    18,887883 
    19,092886 
    14,148323 
    16,590028 
    14,167582 
    14,173099 
    15,065075 
    14,394738 
    15,704128 
    14,115836 
    14,969617 
    13,969182 
    14,733821 
    15,219332 
    14,895037 
    27,686213 
    14,203787 
    15,169402 
    14,180473 
    19,244931 
    14,866363 
    14,518386 
    14,895996 
    14,796253 
    14,14109 
    13,829388 
    14,386056 
    14,262744 
    14,239545 
    14,996736 
    18,97371 
    19,038302 
    14,469817 
    14,279854 
    14,186964 
    13,981086 
    15,417582 
    13,984849 
    14,21785 
    14,810526 
    14,782741 
    14,079839 
    14,036033 
    14,115343 
    13,885196 
    33,076773 
    15,003628 
    14,007552 
    14,151137 
    18,899348 
    15,028817 
    14,215616 
    14,269815 
    14,070061 
    14,671633 
    15,360529 
    14,201172 
    14,065004 
    14,115457 
    14,898928 
    19,051215 
    18,950157 
    14,552604 
    14,197953 
    14,131708 
    14,198034 
    13,913417 
    15,307525 
    15,099404 
    14,135875 
    14,344587 
    13,983482 
    14,565094 
    13,9466 
    14,102378 
    28,717207 
    14,7848 
    14,231141 
    14,183584 
    19,026253 
    14,165461 
    14,449793 
    16,58965 
    15,054075 
    14,950771 
    13,785191 
    14,224759 
    14,268141 
    14,186049 
    14,693696 
    18,986265 
    18,921211 
    14,156311 
    13,983685 
    14,20976 
    14,091044 
    15,078736 
    14,004493 
    14,163229 
    14,011264 
    14,051845 
    14,92494 
    14,077936 
    14,980429 
    14,16921 
    27,58131 
    14,97624 
    14,216254 
    14,0079 
    19,099655 
    14,928564 
    13,92457 
    14,664232 
    15,573671 
    15,655186 
    14,552339 
    14,370306 
    14,340364 
    14,807852 
    14,079625 
    19,100203 
    19,075436 
    14,607359 
    15,026717 
    14,782589 
    14,695365 
    14,305707 
    14,291532 
    20,594961 
    14,133208 
    14,298878 
    15,075556 
    14,174134 
    14,195538 
    14,1004 
    26,60061 
    13,931043 
    14,066724 
    15,174216 
    20,298975 
    15,713275 
    18,027235 
    14,050645 
    14,422921 
    18,438351 
    14,161189 
    14,422721 
    14,322708 
    14,444562 
    14,140698 
    19,108041 
    18,934468 
    14,198126 
    15,09052 
    16,11293 
    14,137261 
    14,907699 
    14,265966 
    14,82151 
    14,067146 
    14,141915 
    13,957464 
    14,069372 
    14,165893 
    15,048079 
    26,732222 
    15,242272 
    14,709536 
    14,333593 
    19,002207 
    14,960821 
    14,28439 
    14,050253 
    15,02268 
    15,300804 
    14,058225 
    14,246341 
    13,965412 
    14,141494 
    14,291334 
    20,46313 
    18,933146 
    13,998954 
    14,92563 
    14,28715 
    14,334539 
    14,3188 
    14,583017 
    14,017473 
    14,745273 
    14,737677 
    13,924611 
    14,757842 
    14,930801 
    14,459706 
    26,756854 
    14,141286 
    14,417233 
    14,074409 
    19,694708 
    13,933434 
    15,146551 
    14,685764 
    14,100599 
    14,194221 
    17,075667 
    14,155634 
    14,765549 
    14,636798 
    14,51194 
    20,312818 
    18,851607 
    14,99031 
    14,030698 
    14,093433 
    14,223664 
    15,210048 
    14,21971 
    15,482458 
    15,044676 
    15,13661 
    14,827482 
    14,162588 
    14,107986 
    16,485807 
    32,581261 
    15,113096 
    15,381192 
    16,3462 
    19,092957 
    14,03307 
    14,713967 
    13,957669 
    14,125402 
    14,066867 
    14,799106 
    14,101488 
    14,511696 
    14,184041 
    13,859065 
    18,746704 
    18,737065 
    14,168838 
    14,478138 
    14,42605 
    13,98631 
    15,056494 
    14,981512 
    14,790509 
    14,051809 
    13,987244 
    13,657226 
    14,019701 
    14,871992 
    13,897012 
    28,424109 
    14,011154 
    14,359465 
    14,843079 
    19,075158 
    14,427359 
    14,04022 
    15,755536 
    13,981742 
    14,753763 
    14,384182 
    14,455899 
    14,385263 
    14,104238 
    14,096754 
    18,810202 
    19,514203 
    14,215432 
    15,025537 
    14,569439 
    14,576001 
    14,090357 
    14,876752 
    13,756173 
    14,164523 
    13,977222 
    17,915598 
    14,391234 
    15,354675 
    14,19278 
    27,441714 
    14,104652 
    14,240948 
    14,183034 
    19,087251 
    14,410097 
    14,973808 
    14,014 
    14,548536 
    14,205969 
    14,067452 
    14,612586 
    14,467202 
    14,598118 
    14,880284 
    18,998329 
    19,109743 
    15,036689 
    14,202956 
    14,372814 
    15,701333 
    14,02619 
    15,337547 
    14,844829 
    14,143788 
    14,048195 
    14,026108 
    16,37066 
    15,432195 
    14,211762 
    26,612634 
    14,149799 
    14,587694 
    15,484525 
    18,924602 
    14,485872 
    14,116661 
    15,901677 
    14,283803 
    14,185292 
    14,791064 
    15,070552 
    16,304619 
    14,146844 
    14,105397 
    20,083603 
    19,446889 
    13,963916 
    13,992906 
    14,249685 
    15,350971 
    14,17905 
    14,507711 
    14,617736 
    14,188794 
    14,218458 
    14,594865 
    14,133233 
    14,17899 
    14,112734 
    42,220787 
    14,019204 
    16,09055 
    15,427125 
    19,144312 
    14,706641 
    14,028397 
    13,989247 
    14,518896 
    14,03713 
    14,060635 
    14,160287 
    14,241316 
    14,10232 
    14,921163 
    18,832189 
    18,92721 
    14,02118 
    14,095874 
    14,088323 
    14,128768 
    14,922455 
    14,113773 
    14,15019 
    15,638925 
    14,528341 
    13,919159 
    14,051362 
    15,005309 
    14,081981 
    26,929372 
    14,096989 
    14,235174 
    14,201138 
    19,026511 
    14,191495 
    14,357532 
    14,693692 
    14,09412 
    14,2938 
    13,952317 
    15,006807 
    14,80771 
    14,139673 
    13,911896 
    19,839032 
    19,097291 
    13,901713 
    14,015621 
    15,888248 
    14,000303 
    14,995233 
    14,079851 
    13,760596 
    13,932542 
    14,016535 
    13,918677 
    14,135923 
    14,048351 
    15,252374 
    32,345324 
    14,094986 
    13,707707 
    14,126424 
    20,045815 
    14,993988 
    14,107851 
    14,068777 
    14,102096 
    14,829194 
    13,94453 
    14,251299 
    14,376251 
    14,043356 
    14,938492 
    19,942184 
    19,804604 
    14,30268 
    15,020169 
    15,108598 
    14,246292 
    15,449977 
    14,088004 
    14,238636 
    16,567047 
    14,481866 
    14,767122 
    14,773761 
    14,25133 
    14,023812 
    28,317589 
    15,13019 
    14,341341 
    14,2097 
    20,215903 
    14,150579 
    14,194508 
    15,95854 
    14,269207 
    14,78382 
    14,225856 
    14,859493 
    14,181743 
    14,26861 
    14,997276 
    19,03025 
    19,123224 
    15,589896 
    14,296162 
    14,169548 
    16,47998 
    14,043279 
    14,229771 
    14,021214 
    14,031037 
    14,259206 
    13,975035 
    14,270438 
    14,237357 
    14,145827 
    28,613071 
    15,150842 
    14,052308 
    13,99237 
    18,958034 
    17,037809 
    14,579673 
    15,048772 
    15,438329 
    14,143162 
    14,249437 
    14,462177 
    16,659159 
    14,309128 
    14,469929 
    19,13998 
    19,867522 
    14,070431 
    14,859509 
    13,852588 
    14,399045 
    16,032058 
    15,034151 
    14,835879 
    14,102987 
    14,160263 
    14,068006 
    14,425413 
    14,094897 
    13,964238 
    33,995508 
    14,233774 
    14,07009 
    14,017826 
    19,358615 
    14,282663 
    14,154599 
    14,194788 
    15,575753 
    14,333859 
    13,828204 
    15,004891 
    14,51305 
    14,096914 
    14,056091 
    18,968188 
    19,140803 
    14,152315 
    14,453836 
    14,335393 
    14,248627 
    14,099423 
    14,148668 
    13,829754 
    14,150976 
    14,306217 
    13,659465 
    14,121232 
    13,999294 
    14,145614 
    28,094361 
    14,402075 
    13,992825 
    14,221048 
    18,933997 
    14,954785 
    13,911712 
    15,125616 
    15,150884 
    14,541969 
    14,789221 
    15,128599 
    14,08598 
    14,057471 
    16,533724 
    18,88203 
    19,242114 
    14,088785 
    14,106441 
    13,979754 
    15,170725 
    14,674325 
    14,235659 
    15,896815 
    16,492365 
    15,705961 
    15,32117 
    14,194246 
    13,982654 
    14,062659 
    28,386948 
    15,8647 
    14,850301 
    14,402069 
    19,045458 
    14,199668 
    14,247132 
    14,110884 
    14,713658 
    14,221277 
    14,088447 
    14,52797 
    14,473954 
    14,132816 
    14,699731 
    20,043737 
    18,932823 
    14,830461 
    14,253889 
    15,230599 
    16,078408 
    30,451289 
    14,514752 
    13,985083 
    15,185308 
    13,980911 
    14,04288 
    14,116884 
    14,891903 
    14,136985 
    27,532602 
    14,365405 
    14,106354 
    14,118121 
    19,037296 
    14,616108 
    14,624704 
    13,922357 
    14,228465 
    15,189163 
    16,037903 
    13,991837 
    14,387234 
    14,754849 
    14,09017 
    18,891288 
    18,860026 
    14,116635 
    14,341638 
    14,666234 
    15,084417 
    14,806709 
    13,951167 
    14,423818 
    15,173671 
    14,911739 
    13,814042 
    15,048174 
    14,274326 
    14,446139 
    27,672295 
    14,164837 
    15,357102 
    14,168999 
    19,102572 
    14,382018 
    14,176002 
    14,617189 
    14,186312 
    14,94787 
    14,730717 
    14,817447 
    14,090507 
    15,103069 
    14,970515 
    18,917798 
    18,978494 
    14,029614 
    14,143571 
    14,894574 
    14,122295 
    13,967035 
    14,088915 
    14,710913 
    13,948642 
    13,956578 
    15,338154 
    14,119092 
    14,041207 
    14,988606 
    27,709334 
    14,132441 
    15,021874 
    15,589722 
    19,111964 
    14,139947 
    14,044978 
    14,908975 
    14,109744 
    14,265725 
    13,871171 
    14,163891 
    14,790669 
    14,270356 
    14,284517 
    18,947317 
    19,128255 
    14,005908 
    15,217187 
    14,135376 
    14,264763 
    14,151691 
    13,991579 
    14,065268 
    14,77779 
    13,975414 
    14,799622 
    14,175822 
    15,070883 
    14,15281 
    40,747289 
    14,10219 
    14,114611 
    14,067727 
    18,842559 
    14,929966 
    14,406 
    14,636208 
    14,073003 
    14,163569 
    14,614774 
    15,458264 
    14,8776 
    14,148293 
    15,164897 
    18,981762 
    18,997489 
    14,203734 
    14,36864 
    14,300233 
    14,019215 
    13,973867 
    15,156595 
    13,909755 
    14,138619 
    14,138418 
    13,998528 
    15,227199 
    14,746165 
    14,057615 
    32,67273 
    14,09168 
    14,12179 
    14,207269 
    19,616575 
    14,18654 
    14,234039 
    14,16912 
    14,047563 
    14,400552 
    14,31784 
    14,253051 
    13,926328 
    15,044824 
    14,189246 
    19,921413 
    19,034066 
    15,071097 
    14,154849 
    14,153611 
    14,229103 
    13,845604 
    15,046325 
    14,049247 
    16,971927 
    14,20969 
    13,883123 
    14,168138 
    14,989213 
    14,378618 
    27,58822 
    14,205134 
    14,203466 
    14,002465 
    18,869634 
    14,224251 
    14,08916 
    14,96878 
    13,906544 
    14,172576 
    14,017284 
    14,077084 
    14,913271 
    15,812875 
    14,37261 
    18,982599 
    18,855362 
    14,147682 
    14,445181 
    13,592773 
    14,012844 
    15,125412 
    14,076862 
    14,607208 
    13,850269 
    14,163737 
    14,617377 
    16,707938 
    13,847571 
    13,989055 
    30,177913 
    15,130731 
    14,072463 
    14,143598 
    19,044166 
    14,276379 
    14,27529 
    14,660668 
    14,846161 
    14,109259 
    14,348632 
    14,075921 
    14,214105 
    14,775045 
    13,846352 
    18,785609 
    18,893357 
    14,158132 
    14,025538 
    13,840005 
    13,842413 
    14,871628 
    14,159469 
    13,900158 
    14,003742 
    13,927527 
    13,896625 
    14,091278 
    15,07842 
    14,383183 
    26,817306 
    14,079078 
    13,8143 
    14,819975 
    18,90334 
    14,001223 
    13,8369 
    13,918177 
    14,161689 
    14,356387 
    14,639815 
    14,894636 
    14,425841 
    14,934883 
    14,131831 
    18,99699 
    19,0656 
    14,20297 
    14,149608 
    14,794231 
    14,803559 
    14,979513 
    14,818095 
    14,131297 
    14,245612 
    14,003669 
    14,713099 
    14,907088 
    14,894571 
    14,123475 
    27,977523 
    14,103428 
    14,114555 
    15,170016 
    19,03528 
    14,375235 
    14,19273 
    14,324814 
    14,311383 
    14,815624 
    15,972493 
    14,057273 
    14,11907 
    14,25256 
    15,706236 
    19,154864 
    19,895596 
    14,025229 
    14,254736 
    14,120324 
    14,012227 
    14,032354 
    29,077555 
    13,972162 
    14,254201 
    14,819356 
    14,06319 
    14,693721 
    13,884576 
    14,209438 
    27,212568 
    14,093811 
    14,158695 
    14,784266 
    18,850765 
    13,961375 
    13,973904 
    14,05228 
    15,178034 
    14,243751 
    14,603684 
    15,648865 
    14,913079 
    14,181923 
    14,277171 
    18,956531 
    19,876887 
    13,885962 
    15,599296 
    14,73109 
    14,497158 
    14,73393 
    21,15444 
    14,044928 
    14,087344 
    14,097064 
    15,781957 
    14,222381 
    14,085863 
    15,016108 
    32,727128 
    13,97121 
    14,289973 
    15,34698 
    19,002899 
    14,23365 
    14,107873 
    14,459326 
    13,859798 
    15,305579 
    14,059494 
    14,206288 
    14,08114 
    14,247315 
    14,18885 
    19,002418 
    19,007057 
    14,010907 
    14,087134 
    15,265004 
    13,9756 
    13,979574 
    14,827969 
    13,906737 
    13,992797 
    14,149506 
    15,53112 
    14,093639 
    13,890674 
    14,699831 
 node-slug: 
 node-stream-spigot: 
33,720771 
34,539471 
32,566403 
32,269765 
32,691496 
33,023408 
32,529646 
32,390599 
32,098334 
33,69566 
33,403966 
32,400469 
32,106505 
33,735984 
33,384419 
32,436726 
33,083669 
33,192546 
33,058024 
33,104772 
32,519512 
32,446303 
33,566298 
33,643121 
33,167 
32,396411 
37,511247 
32,282783 
32,23976 
34,253118 
33,369149 
32,90599 
33,465208 
32,612073 
33,064516 
32,650038 
32,710495 
33,100775 
32,329682 
32,567058 
32,745535 
34,251285 
32,238999 
33,095242 
32,238695 
32,779966 
32,67189 
34,20147 
32,227957 
32,224127 
32,59095 
36,891016 
32,270014 
32,512486 
32,621442 
33,162293 
33,48436 
32,184706 
33,253759 
32,614036 
32,192503 
33,593791 
32,290412 
33,646064 
32,382537 
33,752904 
33,215901 
33,157285 
33,243375 
33,71541 
33,325083 
33,11023 
33,033761 
32,579009 
36,816821 
32,343805 
33,254547 
32,889038 
33,36983 
32,398835 
32,554702 
33,054063 
32,608603 
33,280939 
33,589132 
33,516189 
32,22654 
34,163988 
32,627455 
32,694884 
32,259053 
33,509608 
33,400004 
33,138919 
33,683856 
32,732451 
32,010172 
32,629968 
33,214332 
31,953075 
33,31009 
 normalize-pkg: 
244,861534 
240,827989 
237,707056 
248,157758 
233,968918 
232,336215 
255,69314 
247,962044 
237,459349 
256,107506 
242,504777 
231,160669 
240,660375 
245,973675 
233,579585 
243,599127 
245,964392 
253,585474 
249,007492 
238,206361 
241,501668 
244,974237 
250,274646 
235,780383 
243,549707 
243,994909 
239,210618 
256,003495 
242,066621 
246,424644 
251,354251 
244,265042 
252,523369 
238,949124 
246,011888 
246,979129 
253,429 
241,517088 
240,554714 
242,532424 
256,545165 
241,562305 
257,031646 
253,537864 
242,307692 
245,802226 
254,935624 
241,151783 
244,878438 
253,994257 
243,495199 
254,317709 
248,063662 
244,094852 
239,001361 
237,175304 
250,228186 
234,856732 
239,683052 
239,241324 
244,3787 
234,839145 
238,724017 
246,016665 
240,288539 
254,844911 
245,802669 
238,757341 
240,712666 
242,867774 
242,725104 
260,211075 
253,179193 
234,722234 
243,363191 
252,36955 
240,00457 
240,302431 
245,87584 
249,977935 
238,175259 
244,106185 
251,635339 
240,799902 
249,50657 
247,722461 
245,840513 
233,089443 
247,679673 
246,061139 
245,883985 
254,418255 
236,786694 
250,163946 
250,038027 
256,072616 
244,076695 
247,914798 
246,131769 
235,536679 
242,803928 
 not-defined: 
23,222547 
22,917187 
23,217842 
22,779304 
23,465265 
23,153585 
23,383319 
23,619069 
23,357609 
23,717869 
23,331887 
23,419073 
23,180635 
23,213916 
23,496645 
22,954184 
23,152035 
23,555914 
23,285501 
23,509546 
23,29155 
23,136893 
23,597936 
23,607088 
23,192684 
23,445352 
23,324295 
23,650898 
23,250178 
23,405305 
23,543834 
22,979775 
23,29637 
23,005006 
23,074265 
23,686642 
23,157179 
23,468796 
23,465371 
23,148466 
23,202153 
23,347642 
23,369877 
23,358179 
23,55901 
22,882341 
23,254007 
23,581656 
23,065889 
23,212879 
23,634346 
23,645179 
23,366463 
23,679689 
23,38087 
23,680014 
22,980108 
23,470126 
23,302525 
22,990157 
22,925084 
23,458707 
23,208408 
22,916742 
23,624453 
23,570298 
23,208088 
23,534476 
23,328275 
23,493084 
22,893123 
23,355997 
23,424539 
23,496432 
22,918721 
23,569991 
22,989736 
23,321192 
23,130927 
23,524347 
22,884469 
23,509234 
23,247594 
23,507312 
23,124701 
23,291841 
23,157269 
22,873783 
23,510199 
23,206441 
23,36013 
23,526446 
23,416406 
23,268247 
23,102008 
23,457339 
23,705085 
23,337425 
23,565365 
22,976388 
23,623752 
 once: 
    298,97999 
    308,189677 
    305,651364 
    302,471971 
    315,633148 
    301,600664 
    299,784095 
    295,319578 
    309,838702 
    302,108303 
    314,339364 
    310,091009 
    304,364899 
    299,059251 
    305,448383 
    314,266336 
    300,144677 
    293,689061 
    292,374324 
    296,807789 
    303,351483 
    313,161486 
    297,347859 
    308,316513 
    297,72316 
    296,896395 
    296,934025 
    309,11432 
    294,27929 
    300,005882 
    305,610204 
    304,198453 
    303,678597 
    297,404169 
    304,827171 
    303,612191 
    309,381751 
    307,399928 
    297,107023 
    292,9522 
    301,66221 
    304,405005 
    313,097841 
    306,080902 
    301,120734 
    292,737403 
    308,333109 
    300,608685 
    316,409296 
    295,578438 
    302,685969 
    299,302153 
    297,576848 
    289,26554 
    303,860438 
    295,221583 
    304,327677 
    303,857331 
    293,357048 
    298,800106 
    295,584551 
    299,450128 
    315,917855 
    297,993328 
    308,978324 
    300,420673 
    301,980992 
    293,593815 
    316,941839 
    310,391066 
    308,818533 
    297,527598 
    303,716337 
    300,175455 
    306,076163 
    288,884747 
    314,779475 
    302,386691 
    304,97367 
    312,59101 
    299,810051 
    306,139026 
    307,437268 
    293,8656 
    308,466124 
    306,332472 
    303,596691 
    305,469011 
    304,815134 
    295,241376 
    296,04027 
    304,934674 
    308,109232 
    299,308483 
    298,388441 
    304,193127 
    314,466422 
    308,840566 
    298,736909 
    301,116793 
    320,252925 
 pad-left: 
35,915906 
36,107814 
35,894479 
35,876246 
35,801758 
36,6415 
35,620718 
37,442767 
35,522837 
36,069931 
35,794058 
36,192543 
36,362453 
35,71618 
36,232505 
36,511686 
36,481487 
35,939324 
36,402532 
35,713806 
36,155318 
35,990905 
35,771999 
36,131598 
36,493911 
36,086637 
36,108848 
35,832775 
36,195155 
36,435717 
35,984382 
36,196852 
35,600737 
36,12831 
35,986334 
36,506008 
36,125801 
35,993428 
35,65565 
35,843427 
36,135644 
36,350253 
35,859269 
36,285065 
35,757237 
36,223687 
36,372949 
36,065981 
36,118788 
36,068177 
35,655507 
36,151767 
36,003224 
35,849796 
35,986365 
36,306525 
36,183645 
36,576884 
35,985567 
36,332467 
35,912789 
35,994775 
35,930943 
35,50404 
35,94342 
35,461549 
36,356786 
35,721058 
36,035748 
36,389414 
35,782272 
35,848131 
35,834579 
36,077643 
36,070479 
35,750596 
37,577308 
36,59244 
36,25527 
36,300127 
36,505957 
36,051975 
36,239019 
36,349971 
36,354016 
36,005391 
36,338487 
36,214862 
36,140096 
35,699885 
35,879946 
36,264055 
36,588111 
36,486199 
35,638205 
36,160701 
36,215964 
36,472219 
35,738551 
36,276832 
36,143221 
 pad-left-simple: 
36,096758 
35,403976 
36,44823 
37,000211 
40,040906 
35,939322 
35,910276 
41,502063 
35,893607 
35,95038 
35,880982 
39,460756 
43,372444 
37,179707 
36,017652 
36,219184 
36,377531 
37,241807 
36,192115 
35,663832 
37,845138 
36,515206 
37,885068 
36,71247 
36,211368 
36,346544 
35,276868 
37,159995 
37,429017 
36,682645 
36,148819 
36,077302 
36,061502 
37,866496 
42,070929 
36,848429 
36,180552 
37,279701 
36,363439 
35,771812 
37,786866 
35,904225 
37,050438 
36,280537 
36,214283 
35,536869 
36,229475 
36,30661 
36,407433 
36,523878 
36,220821 
36,520169 
36,12771 
36,122079 
36,4764 
36,040675 
36,723235 
35,917555 
38,449186 
37,067796 
36,111124 
38,523478 
42,239944 
37,26188 
36,141074 
37,701029 
36,60565 
36,085336 
36,483668 
36,29788 
36,140125 
35,995481 
36,282774 
36,247049 
35,99871 
37,825316 
36,007443 
36,335057 
38,715967 
37,042889 
36,092213 
36,12506 
36,282428 
36,095595 
42,384544 
36,430419 
35,516398 
36,480118 
36,853929 
37,135123 
36,067897 
36,227151 
38,705864 
37,602261 
37,345256 
35,666449 
35,991612 
37,151255 
36,767519 
36,382221 
35,964318 
 parse-next-json-value: 
94,010627 
106,627084 
101,616431 
101,029434 
103,969916 
106,059062 
108,22897 
106,204855 
106,625763 
110,920618 
107,541463 
106,539946 
107,450039 
108,174266 
109,258844 
105,300664 
108,524923 
112,004753 
103,608889 
110,097572 
105,351623 
104,674524 
105,50493 
105,803165 
106,048446 
112,415997 
103,481891 
107,198488 
102,669736 
103,987556 
104,050487 
102,962577 
111,029289 
104,789466 
104,292526 
103,737714 
104,280392 
112,997569 
103,7946 
105,334725 
109,022626 
102,858556 
104,480481 
103,050011 
106,549376 
106,358395 
107,598252 
105,679661 
103,921351 
106,859031 
102,631869 
104,466783 
107,216592 
105,796061 
104,827531 
105,952858 
109,128524 
103,820245 
104,373568 
103,686542 
109,130036 
103,099136 
107,447673 
103,272894 
106,758615 
102,732443 
110,999056 
109,642042 
105,632389 
110,081087 
103,050143 
103,252558 
104,877309 
106,152165 
106,596494 
103,883933 
107,223913 
105,681125 
102,292387 
105,54511 
104,605968 
106,65955 
110,898069 
100,712573 
104,379484 
103,855904 
105,618559 
107,606909 
103,123729 
105,002867 
104,931675 
104,579603 
106,098666 
106,906398 
103,429503 
109,81622 
105,333661 
107,020987 
107,929357 
106,007101 
106,834817 
 periods: 
24,870645 
24,788079 
24,929284 
24,634377 
24,796799 
24,444145 
25,024813 
24,624548 
24,259654 
24,532191 
24,246024 
24,626697 
24,361575 
24,879217 
24,653383 
24,548526 
24,565167 
25,005691 
24,825358 
24,711844 
24,862804 
24,48505 
24,848993 
24,381833 
24,660388 
24,085524 
24,490011 
24,675744 
24,865962 
25,000698 
24,955703 
24,433172 
24,921645 
24,249492 
25,05698 
24,476453 
24,791893 
24,496999 
24,610526 
24,673854 
24,980983 
24,754212 
24,914789 
24,758428 
24,849357 
24,558341 
24,845729 
25,318137 
24,518594 
24,075784 
24,317684 
24,43098 
24,360074 
24,376474 
24,625227 
24,880955 
25,510979 
24,385191 
24,783896 
24,598924 
24,58159 
24,645075 
24,459884 
24,349597 
24,978791 
25,181978 
24,736389 
24,590317 
24,313645 
24,836395 
24,438949 
24,204936 
24,314695 
24,55976 
24,433251 
24,437854 
24,714913 
24,452962 
24,775286 
24,212526 
24,72346 
24,999693 
24,474742 
24,791345 
24,705954 
24,394457 
25,431938 
24,665092 
24,523865 
24,691513 
24,744895 
24,901137 
24,820644 
24,356969 
24,46706 
24,497326 
24,692508 
24,682877 
24,197131 
24,938422 
24,731844 
 property-validator: 
284,847987 
286,850909 
287,423387 
282,965616 
287,834011 
285,789113 
286,52702 
283,04885 
282,741042 
282,849214 
282,293512 
289,249472 
281,902003 
285,056666 
282,59626 
286,594865 
288,893364 
285,548855 
290,936178 
286,726568 
281,723254 
285,032754 
288,488461 
283,823035 
283,660712 
284,034495 
286,421552 
286,150361 
286,188996 
287,819191 
285,295768 
286,794771 
285,282211 
283,731813 
283,514334 
286,168703 
284,655389 
287,102173 
284,926612 
287,857745 
288,425245 
286,825193 
291,121388 
286,176674 
286,883842 
283,079155 
284,084453 
287,499418 
285,726549 
285,704001 
293,784124 
284,759787 
290,233469 
280,989948 
284,123067 
286,637752 
285,011843 
284,259201 
285,41283 
283,925358 
285,339673 
282,884721 
291,287886 
288,741171 
286,670725 
293,112 
287,082233 
285,036931 
281,938043 
286,233461 
286,244845 
287,287951 
284,055567 
286,315543 
295,020454 
286,661763 
286,205866 
287,394006 
283,806748 
285,534023 
284,125882 
293,973607 
286,734345 
283,52402 
287,58659 
287,379317 
286,008021 
286,983438 
287,255392 
284,455122 
285,544088 
286,772036 
291,159327 
284,99929 
284,643702 
283,667794 
290,598875 
286,322134 
284,040385 
284,928855 
283,817464 
 rimraf: 
    16,785186 
    16,387355 
    13,507044 
    13,634 
    16,382062 
    13,598095 
    13,467395 
    16,29322 
    13,487462 
    13,563765 
    16,722681 
    13,516428 
    13,528877 
    16,463493 
    13,557354 
    13,524091 
    16,438483 
    13,517113 
    13,581944 
    16,438378 
    13,572479 
    13,544937 
    16,363076 
    13,51565 
    13,613585 
    16,344884 
    13,456819 
    13,653511 
    16,355095 
    13,433644 
    13,554809 
    16,493957 
    13,508992 
    13,604299 
    16,406582 
    13,420526 
    13,569498 
    16,501403 
    13,535552 
    13,584192 
    16,336187 
    13,545112 
    13,611532 
    16,39073 
    13,531412 
    13,538596 
    16,328123 
    13,537848 
    13,639739 
    16,471842 
    13,468507 
    13,587466 
    16,45622 
    13,5534 
    13,82669 
    16,246103 
    13,433393 
    13,641539 
    16,465486 
    13,536936 
    13,554585 
    16,371023 
    13,476029 
    13,459151 
    16,571015 
    13,437523 
    13,579689 
    16,257869 
    13,549264 
    13,450827 
    16,427708 
    13,506793 
    13,619773 
    16,416589 
    13,575776 
    13,451487 
    16,196836 
    13,523889 
    13,582382 
    16,306827 
    13,433879 
    13,59362 
    16,370663 
    13,553284 
    13,53977 
    16,384183 
    13,510909 
    13,595035 
    16,232698 
    13,551713 
    13,594524 
    16,518526 
    13,557431 
    13,466837 
    16,415802 
    13,513541 
    13,561755 
    16,41634 
    13,543142 
    13,517374 
    16,430967 
    13,572375 
    13,558279 
    16,651804 
    13,749482 
    13,793591 
    16,340125 
    13,564398 
    13,551383 
    16,490734 
    13,687803 
    13,522179 
    16,471004 
    13,518125 
    13,583063 
    16,457511 
    13,516532 
    13,721239 
    16,554354 
    13,556204 
    13,466164 
    16,35123 
    13,574298 
    13,56199 
    16,267798 
    13,428759 
    13,527317 
    16,249273 
    13,457688 
    13,463617 
    16,481444 
    13,559813 
    13,502121 
    16,626996 
    13,483474 
    13,471569 
    16,462685 
    13,503162 
    13,753365 
    16,432197 
    13,51797 
    13,485245 
    16,337901 
    13,447995 
    13,470656 
    16,348397 
    13,432664 
    13,508318 
    16,361255 
    13,581943 
    13,55389 
    16,425526 
    13,447887 
    13,545939 
    16,439234 
    13,550033 
    13,550417 
    16,308249 
    13,447756 
    13,511494 
    16,357146 
    13,553592 
    13,569741 
    16,343865 
    13,527271 
    13,548785 
    16,401419 
    13,512337 
    13,606616 
    16,401302 
    13,563865 
    13,526189 
    16,401918 
    13,425144 
    13,589172 
    16,326698 
    13,484431 
    13,584662 
    16,412435 
    13,569957 
    13,584539 
    16,447825 
    13,611312 
    13,586602 
    16,616076 
    13,442546 
    13,469895 
    16,419217 
    13,608745 
    13,530068 
    16,416595 
    13,538681 
    13,585788 
    16,435379 
    13,554993 
    13,548532 
    16,536599 
    13,555591 
    13,506903 
    16,369468 
    13,596436 
    13,626205 
    16,656051 
    13,552383 
    13,641095 
    16,39292 
    13,481849 
    13,550622 
    16,318687 
    13,455229 
    13,600771 
    16,593066 
    13,587109 
    13,557728 
    16,446554 
    13,560448 
    13,608547 
    16,671936 
    13,493188 
    13,56262 
    16,576505 
    13,468688 
    13,534715 
    16,491494 
    13,562151 
    13,46908 
    16,376452 
    13,590119 
    13,539938 
    16,41533 
    13,467342 
    13,609954 
    16,383378 
    13,476202 
    13,525646 
    16,449908 
    13,523591 
    13,457003 
    16,358392 
    13,55974 
    13,599256 
    16,461129 
    13,480027 
    13,483877 
    16,476535 
    13,455156 
    13,526887 
    16,465446 
    13,565995 
    13,495198 
    16,383251 
    13,505718 
    13,484475 
    16,316819 
    13,457805 
    13,600204 
    16,395098 
    13,527338 
    13,644565 
    16,396229 
    13,510634 
    13,570447 
    16,257915 
    13,616525 
    13,571914 
    16,308754 
    13,445737 
    13,527949 
    16,471558 
    13,548373 
    13,53932 
    16,384098 
    13,599382 
    13,612268 
    16,285983 
    13,491578 
    13,528039 
    16,420602 
    13,754507 
    13,499887 
    16,357327 
    13,467477 
    13,578388 
    16,499917 
    13,499272 
    13,510383 
    16,356159 
    13,52407 
    13,450636 
    16,346429 
    13,564563 
    13,593332 
    16,428466 
    13,585253 
    13,539545 
    16,713901 
    13,472858 
    13,520485 
    16,784082 
    13,468185 
    13,525007 
    16,409697 
    13,697964 
 rtrim: 
58,911815 
58,834941 
57,76694 
58,825958 
58,233903 
61,570355 
55,505398 
57,990819 
57,698436 
54,857444 
66,166393 
57,777416 
58,072979 
58,352144 
57,930675 
59,766596 
66,395451 
59,233398 
58,101373 
57,50023 
57,714902 
57,574171 
58,957372 
59,894631 
58,944892 
59,215688 
58,380457 
69,54756 
57,93003 
59,573155 
58,441823 
60,730755 
57,492243 
58,647772 
57,159665 
59,258789 
57,81769 
58,651586 
58,754176 
55,677442 
57,470501 
69,273779 
57,271327 
58,605313 
58,520329 
64,428436 
58,867027 
57,907396 
60,028641 
58,074148 
59,519333 
57,7821 
59,720531 
57,831624 
57,696871 
56,309135 
57,982293 
59,92833 
57,668382 
58,134484 
56,368558 
58,193129 
58,306086 
58,312311 
67,840467 
56,412461 
64,095532 
62,725062 
57,946883 
58,174663 
55,919052 
57,647075 
57,493702 
58,294283 
59,703531 
56,227741 
59,338821 
58,728018 
58,665146 
58,025179 
65,735556 
59,663137 
60,218317 
59,393551 
57,671171 
63,954703 
58,035099 
61,00465 
57,059231 
57,178265 
58,542402 
62,767547 
55,61388 
64,381754 
55,488464 
58,00377 
55,045676 
57,812219 
58,492888 
58,546614 
58,617577 
 schema-inspector: 
425,921886 
453,334502 
420,512112 
425,008595 
450,984079 
430,408743 
417,617936 
437,027011 
432,489986 
501,937607 
476,105353 
550,97955 
420,691049 
422,794463 
526,152925 
422,442102 
425,731966 
445,902744 
444,06603 
423,505321 
427,219365 
421,065916 
416,314246 
419,002222 
423,462438 
446,060438 
432,506108 
425,135184 
453,575261 
8329,3421 
422,366759 
427,717444 
624,342986 
428,369358 
427,676705 
420,660702 
425,979402 
453,291723 
440,113744 
427,650842 
432,160653 
421,627525 
423,372652 
475,610861 
443,436627 
413,213395 
430,813958 
435,221458 
432,181115 
419,214784 
422,296574 
426,027024 
430,55607 
433,734237 
436,257268 
435,303914 
418,017683 
430,165926 
438,795713 
437,196934 
420,610296 
420,397978 
417,019992 
423,086182 
434,319353 
430,734826 
427,302986 
458,317721 
423,835425 
420,288922 
432,331892 
415,594082 
420,621097 
421,899627 
422,221905 
440,247505 
435,237026 
427,127553 
423,037219 
666,217455 
452,591695 
418,856021 
419,130348 
463,816006 
420,122353 
423,373264 
422,012354 
420,132621 
419,054656 
457,077047 
451,774076 
422,907762 
423,887353 
418,194005 
420,13222 
421,780503 
440,631855 
501,592176 
424,179996 
416,740321 
432,07324 
 set-value: 
81,768787 
79,195211 
76,193771 
77,524227 
78,518313 
77,076151 
77,417012 
76,417011 
76,723627 
77,351879 
76,632982 
77,326102 
75,078422 
77,881951 
78,405266 
78,495826 
75,483707 
77,941607 
77,494998 
76,957925 
76,850654 
75,766969 
73,195845 
70,947764 
73,967463 
75,766965 
81,883326 
74,331411 
75,820672 
75,205273 
77,810174 
75,525069 
75,299356 
77,007219 
77,717709 
76,038609 
76,297627 
77,540007 
74,418417 
72,473006 
76,880303 
77,727552 
78,196203 
74,920972 
75,441743 
76,712322 
75,902734 
75,223893 
73,123142 
76,609472 
78,03569 
75,33418 
73,105246 
75,117989 
78,361788 
77,044287 
77,533034 
76,922427 
75,430181 
76,965952 
77,089258 
77,068709 
74,434916 
76,223652 
78,090232 
75,664279 
77,276966 
73,056775 
76,869685 
75,049211 
81,615082 
78,099435 
76,940418 
77,054726 
77,460594 
75,642951 
80,831476 
77,007638 
75,611059 
73,102114 
75,206603 
74,819177 
77,168168 
77,362642 
75,29033 
78,155585 
75,789961 
73,682048 
76,620792 
76,747896 
75,592909 
74,641143 
75,709805 
75,060245 
77,229204 
77,484308 
74,866546 
77,309562 
76,905606 
78,544415 
75,64928 
 staticFiles: 
 static-props: 
32,213235 
31,540231 
32,211516 
32,502696 
32,221185 
31,99223 
32,022451 
31,542787 
32,233558 
33,280716 
32,301979 
33,557256 
32,158967 
32,32944 
31,484823 
32,211013 
31,986859 
31,976903 
31,943801 
39,888549 
31,954295 
32,418679 
31,485768 
31,827068 
32,970258 
32,383962 
31,963477 
31,908348 
32,023319 
32,46619 
32,202936 
32,033458 
32,228563 
31,595504 
32,170198 
31,91402 
32,182321 
32,070398 
32,313083 
32,525359 
33,203499 
32,200433 
32,101358 
32,622631 
32,358184 
33,660384 
31,846314 
32,332539 
32,338235 
32,022824 
32,296975 
31,817442 
31,584373 
32,613922 
32,853297 
32,148981 
31,900275 
32,091895 
31,883822 
32,307612 
31,634823 
32,112104 
32,813267 
32,564769 
31,943491 
31,952413 
32,462077 
32,534497 
32,791028 
31,665628 
32,351312 
32,03041 
32,493764 
33,446938 
31,921696 
32,051503 
32,296893 
31,853512 
32,369931 
32,635112 
33,221926 
32,279006 
32,272468 
32,054359 
32,028001 
32,137846 
31,733192 
32,304879 
33,459506 
31,693072 
31,95135 
31,864741 
31,877109 
31,869941 
33,000179 
31,71713 
31,780566 
32,1874 
31,797201 
31,928686 
31,53517 
 syncthrough: 
    150,088752 
    130,876919 
    133,643023 
    129,68756 
    136,806784 
    132,734432 
    131,999947 
    131,893849 
    129,993131 
    132,325703 
    131,478715 
    130,367121 
    130,906755 
    132,633701 
    129,330179 
    133,404291 
    131,701684 
    131,630675 
    130,114783 
    131,559118 
    137,669638 
    130,48107 
    129,126809 
    133,896419 
    131,551142 
    129,010317 
    129,409226 
    131,189945 
    136,046796 
    135,089141 
    132,409849 
    129,190431 
    131,296008 
    130,983323 
    130,45859 
    133,317727 
    131,530998 
    130,289057 
    134,988274 
    131,79974 
    130,670527 
    132,142046 
    131,650019 
    131,523973 
    132,007823 
    131,421349 
    133,133956 
    133,00458 
    130,732567 
    132,846208 
    131,19325 
    135,576265 
    132,84814 
    132,314794 
    131,252614 
    130,816461 
    133,403092 
    132,756828 
    130,125101 
    130,745802 
    131,556561 
    133,467562 
    130,776055 
    131,425081 
    131,936434 
    131,350406 
    131,324525 
    131,190678 
    133,278041 
    133,148803 
    133,927675 
    133,268683 
    133,136426 
    131,292357 
    133,361674 
    132,207642 
    130,345587 
    133,094439 
    133,000094 
    133,156801 
    132,643446 
    132,049728 
    131,350579 
    131,479941 
    132,5085 
    130,53431 
    128,566714 
    130,233031 
    134,709493 
    131,08166 
    132,131306 
    131,818715 
    131,100413 
    130,685647 
    132,088335 
    129,25691 
    130,907931 
    131,455443 
    129,908268 
    131,227799 
    131,171438 
 through2: 
 through2-map: 
89,36965 
89,377626 
88,966388 
89,659569 
89,056772 
89,266343 
89,371508 
89,162065 
90,209345 
89,800289 
89,613784 
89,433444 
88,418262 
89,209207 
88,868214 
88,884281 
90,012119 
89,13084 
89,596637 
90,400069 
88,753086 
89,954753 
88,187817 
91,099623 
89,19781 
89,32783 
88,801264 
89,128869 
88,256769 
87,641245 
88,728546 
90,575006 
90,284127 
88,783994 
89,328151 
88,213969 
89,59099 
88,429526 
89,86529 
89,26291 
88,615585 
88,720932 
88,424435 
88,890178 
88,012514 
89,4348 
88,602513 
90,436973 
88,378367 
88,946629 
88,372211 
88,319192 
89,465193 
87,733112 
88,866917 
90,162889 
89,079024 
88,830362 
90,627054 
89,483007 
91,294178 
88,685604 
91,171359 
89,790145 
88,392136 
88,891949 
89,825494 
88,446169 
90,360604 
90,57314 
89,444603 
89,5482 
90,831 
87,087881 
88,836756 
89,247114 
88,1377 
89,661932 
89,898925 
88,671796 
89,519345 
89,623535 
89,205079 
88,405765 
89,292169 
89,695055 
89,614768 
88,834292 
89,197587 
89,037837 
90,226166 
89,192553 
89,857418 
87,244048 
90,494622 
89,770555 
89,962789 
87,891365 
89,814381 
89,457549 
88,914246 
 -stamp: 
38,486626 
39,2646 
39,13067 
38,157468 
38,680389 
37,616414 
37,966876 
43,521932 
38,491081 
38,961847 
38,24607 
39,988857 
38,796661 
38,915584 
40,060007 
38,0059 
38,667099 
38,638623 
38,715168 
38,003153 
39,123637 
37,592254 
38,869819 
38,904616 
38,018743 
38,867888 
38,260548 
39,170348 
39,135491 
38,761858 
39,886647 
37,5096 
37,655899 
38,840962 
42,770676 
39,665592 
38,275154 
38,081837 
38,368483 
39,600869 
39,251723 
39,186496 
38,819127 
38,956139 
40,005291 
40,055111 
38,145498 
38,844225 
39,561659 
38,323195 
38,657443 
38,768953 
38,082577 
38,857709 
44,422417 
44,934328 
44,443465 
38,923831 
38,280057 
38,437137 
38,246081 
38,499795 
39,748602 
38,311441 
38,778542 
38,836032 
38,209768 
38,452238 
38,947609 
38,491921 
38,780783 
39,234501 
38,077469 
39,076139 
39,773513 
38,206687 
37,531724 
38,427078 
37,842172 
38,350719 
38,436506 
38,493365 
38,809236 
38,507623 
38,408367 
38,224216 
37,684749 
37,922668 
38,858628 
38,767023 
37,929251 
38,71294 
37,911788 
38,090027 
39,216671 
38,790475 
39,153366 
39,82282 
44,515645 
38,297517 
39,513269 
 unordered-array-remove: 
31,551928 
30,880505 
30,665349 
30,618308 
30,279216 
31,14948 
31,002926 
30,735977 
31,013425 
31,571266 
30,876937 
30,936423 
31,144516 
31,779161 
30,919745 
30,873363 
30,593364 
30,777213 
30,857915 
30,923579 
30,818467 
30,593107 
30,515927 
30,98645 
31,014833 
30,40442 
30,229584 
31,443214 
30,696161 
30,627238 
30,55514 
31,338352 
30,781707 
31,060594 
30,756804 
30,902815 
30,942528 
30,557476 
30,884997 
30,71987 
30,9628 
30,764667 
30,885826 
30,728611 
30,519977 
31,250176 
30,788341 
31,397953 
30,894419 
30,760997 
30,733703 
30,728851 
31,033169 
30,370474 
30,906857 
31,271532 
30,883859 
31,410226 
30,846846 
30,829156 
30,52168 
30,887801 
30,657449 
30,753409 
31,361411 
31,219744 
30,213056 
31,454621 
30,833736 
30,719538 
30,547258 
30,66269 
31,050065 
30,610038 
31,069785 
31,163346 
31,255948 
30,580069 
30,75106 
30,358961 
30,344744 
30,527198 
30,858374 
30,645963 
30,776631 
31,180244 
31,157945 
31,127231 
31,025212 
30,626985 
30,550653 
30,535735 
30,8908 
31,380165 
31,018397 
30,772981 
31,139077 
30,469073 
30,489094 
30,561031 
31,086187 
 zipmap: 
39,0122 
39,021248 
38,781453 
39,352492 
39,25015 
39,232126 
39,503041 
40,008373 
45,92824 
40,337036 
39,157922 
38,848153 
39,414545 
38,91823 
38,565822 
40,570938 
39,276435 
38,809068 
39,45555 
39,340968 
39,023248 
38,984159 
38,476513 
46,947656 
39,755428 
38,44744 
44,413335 
39,216242 
38,884167 
38,973539 
38,824425 
39,741166 
39,245142 
39,655997 
39,148043 
39,186243 
38,601618 
38,901939 
38,890669 
39,898009 
39,033415 
39,594212 
39,993751 
38,734639 
39,133252 
39,192558 
39,752721 
38,74994 
39,088801 
39,283327 
38,851463 
39,000662 
39,325701 
38,94265 
45,050471 
40,414816 
39,209142 
39,045708 
40,054337 
39,251904 
38,982216 
39,15693 
39,103995 
39,159613 
39,695604 
38,755445 
39,301402 
39,208324 
38,771106 
39,852042 
38,831453 
44,849722 
39,130342 
38,913729 
39,28589 
45,901378 
39,629183 
39,433313 
39,493119 
39,23931 
38,552157 
44,878479 
46,415223 
39,163916 
39,140285 
39,740515 
39,045883 
38,707346 
39,345085 
39,172822 
38,767625 
38,901041 
39,51874 
40,387183 
38,606104 
45,050264 
39,423647 
39,486095 
38,848303 
39,119502 
39,335895
    
