 algebra: 
 array,chunk: 
37,869505 
40,594635 
41,60126 
38,591608 
41,672609 
40,94008 
38,047841 
37,689327 
37,842646 
40,047444 
40,466612 
41,252514 
41,30771 
41,582938 
37,995678 
38,043096 
40,021234 
37,790052 
38,127882 
40,747973 
41,162649 
37,506358 
38,49125 
39,426508 
39,886724 
38,022169 
41,061226 
38,718033 
40,605696 
41,046349 
38,646521 
40,882841 
41,064168 
37,575406 
41,613576 
38,156971 
40,939901 
39,52792 
37,220147 
40,176418 
41,19724 
38,347544 
38,420088 
37,683956 
40,625879 
41,26478 
37,67571 
39,677346 
38,125074 
41,257031 
40,945219 
37,835884 
40,523505 
42,607828 
38,071628 
40,993459 
39,765284 
38,216786 
38,111448 
38,160929 
39,955526 
40,145586 
42,5493 
41,288561 
37,994761 
42,523998 
39,991273 
38,569603 
37,534906 
38,431788 
39,741051 
38,086281 
37,839371 
40,907077 
41,049742 
37,591343 
41,679085 
40,239881 
41,004324 
40,858001 
38,910531 
40,466167 
41,106954 
36,1708 
40,364504 
38,133563 
38,227857 
39,218718 
36,950263 
37,654176 
37,83051 
38,604669 
40,596091 
36,417863 
40,788464 
38,343242 
41,012488 
43,797912 
39,836171 
44,573916 
40,820622 
[?25h array-first: 
37,807318 
38,408393 
38,869083 
38,226792 
38,731531 
37,937524 
38,059892 
38,876615 
39,026039 
37,907899 
34,894552 
38,27777 
36,82726 
36,824204 
38,110027 
38,499893 
37,812968 
38,954228 
39,194206 
40,507129 
37,682209 
39,59321 
34,948464 
38,629979 
37,669801 
39,341396 
40,661869 
35,395233 
38,831629 
39,81186 
38,388374 
38,725341 
40,558168 
39,595939 
34,794231 
37,070178 
38,494278 
36,395874 
38,124599 
39,017239 
37,153205 
39,977169 
38,692557 
39,453633 
43,027146 
38,315833 
40,680408 
37,572079 
37,987467 
40,226457 
38,385596 
38,319152 
38,295552 
38,572213 
38,561305 
39,484028 
39,591155 
34,62183 
38,676812 
37,201969 
39,261614 
37,95251 
37,991329 
44,968267 
34,336918 
38,066824 
38,494165 
38,081527 
35,21133 
37,055003 
37,966994 
40,451871 
37,576575 
37,970583 
35,064115 
35,169272 
38,253206 
37,928705 
35,011268 
36,936308 
38,459663 
36,637295 
36,462913 
36,498954 
38,935767 
35,110479 
40,517539 
38,569998 
40,161052 
38,329038 
37,467868 
38,41505 
35,518767 
36,77444 
40,911789 
37,709073 
34,324031 
40,320687 
39,832686 
34,694546 
37,441442 
 array-last: 
38,980248 
37,615367 
37,211771 
36,949122 
37,136602 
37,649768 
38,197116 
37,02979 
38,950171 
37,129118 
37,069207 
37,824456 
37,855989 
43,467913 
37,641076 
37,849284 
37,315424 
37,068148 
38,025312 
38,514511 
38,470247 
36,875941 
37,701516 
37,477749 
43,581017 
43,778661 
37,177233 
37,101406 
36,995761 
41,588665 
42,173728 
36,844625 
38,636051 
37,350502 
37,834561 
44,445961 
37,410163 
37,90256 
38,144389 
36,649603 
37,473802 
37,266763 
37,769055 
37,198983 
37,388854 
39,046167 
37,029051 
42,984523 
37,52688 
37,472837 
37,519216 
36,972516 
37,375032 
37,744801 
37,095663 
37,875126 
37,014052 
37,308013 
37,996553 
37,424984 
37,312537 
37,025764 
37,400358 
38,877843 
36,920905 
37,032255 
37,571283 
39,759677 
37,583355 
38,234217 
36,927906 
37,375488 
37,606901 
42,759375 
37,330401 
40,876169 
37,839885 
37,329812 
37,98973 
43,026923 
41,774171 
37,464223 
37,488198 
37,390619 
36,788478 
37,176473 
36,850111 
44,505452 
37,690951 
36,853431 
36,513337 
38,470917 
37,704297 
37,510712 
38,117837 
43,238738 
36,876984 
37,501253 
38,601054 
37,581298 
38,754977 
 array-range: 
49,907808 
49,441097 
49,873946 
49,392389 
50,106104 
49,345513 
49,301414 
49,619301 
49,372031 
49,623521 
49,564463 
49,83072 
50,32407 
50,126481 
49,63487 
49,974882 
49,600902 
49,840066 
49,553322 
49,881529 
50,015202 
49,907726 
50,177876 
49,540815 
51,018633 
49,112293 
49,502121 
49,353371 
50,52283 
49,120587 
50,114104 
49,947679 
50,0693 
49,909957 
49,867974 
50,351269 
49,167784 
49,54987 
50,434401 
49,588774 
50,252946 
49,913144 
49,722132 
49,713311 
50,077199 
49,724658 
49,233792 
49,899446 
50,126195 
50,367415 
49,436374 
49,951463 
49,951527 
50,094094 
49,709998 
49,284074 
50,122509 
49,644259 
49,327925 
49,194688 
50,089695 
50,167021 
49,948656 
49,459323 
49,956618 
50,026605 
49,091717 
50,000479 
50,420862 
49,811573 
50,352902 
50,034105 
49,809903 
49,368793 
49,855389 
51,00514 
49,941109 
49,36673 
49,492855 
49,258504 
49,325109 
49,994319 
50,178406 
49,317695 
49,926659 
49,362045 
49,550889 
48,968501 
49,645608 
49,18507 
49,403548 
50,201048 
49,9619 
49,34263 
48,714542 
49,585404 
50,97806 
49,269187 
50,059861 
50,067144 
49,271328 
 arr-diff: 
35,433135 
35,035678 
35,973877 
35,411601 
35,902793 
34,991721 
35,350344 
35,155403 
35,354738 
35,569418 
36,161564 
35,902584 
35,988884 
34,824938 
35,148516 
35,790208 
35,602955 
35,163485 
35,30176 
35,427173 
35,510475 
35,070891 
36,859765 
35,364116 
39,504979 
41,705807 
35,697236 
35,369411 
35,500545 
35,809323 
35,05998 
40,163574 
35,753093 
35,437397 
35,436013 
36,246056 
36,987849 
35,41828 
35,881424 
36,705096 
35,641694 
35,439707 
36,632847 
35,500496 
35,85188 
35,343858 
35,786008 
35,528164 
35,16357 
35,490313 
35,563013 
35,391264 
35,677431 
36,224794 
35,334523 
35,3801 
35,106332 
35,958484 
35,241027 
35,271364 
35,693254 
41,451803 
35,580243 
41,381298 
35,219197 
35,431823 
41,578266 
35,888136 
35,187214 
36,531584 
35,385283 
41,649176 
35,330765 
35,601275 
35,76652 
35,408187 
35,169022 
35,595296 
35,594842 
35,762252 
35,334213 
35,858991 
35,331252 
35,344919 
41,813882 
41,419796 
35,494756 
36,68324 
35,516206 
35,874745 
35,232766 
35,155963 
35,532624 
41,503345 
35,446755 
35,781764 
35,404896 
35,584508 
35,608169 
35,608938 
41,529079 
 arr-flatten: 
42,735711 
36,757864 
36,34847 
37,347381 
37,338876 
36,624297 
42,601583 
36,643822 
37,025224 
37,554203 
38,032948 
37,171774 
38,292536 
37,841515 
43,293462 
42,717191 
37,44516 
36,869417 
38,324333 
37,390516 
36,934946 
38,5129 
36,625546 
36,785743 
37,541628 
37,278824 
38,556399 
37,264621 
37,349636 
37,228679 
37,259345 
37,511616 
38,870572 
42,79332 
37,766765 
37,234667 
36,386243 
37,597486 
37,46073 
37,468902 
36,74944 
43,239643 
37,216931 
37,239386 
37,12345 
36,841551 
38,02096 
37,588134 
37,173408 
37,9327 
37,217481 
36,476433 
37,106223 
37,120353 
37,392082 
38,172954 
37,659613 
37,311033 
43,428951 
37,720928 
37,800797 
38,523006 
36,603392 
37,165353 
38,517121 
37,448543 
37,132422 
36,725932 
40,404477 
37,009724 
36,711264 
36,805649 
37,305107 
37,341139 
39,339943 
37,243318 
36,935578 
38,320386 
37,029973 
36,992722 
36,307423 
36,429702 
36,965145 
36,845509 
38,352542 
37,212436 
36,657441 
37,206201 
37,63692 
39,065355 
37,486683 
37,649741 
43,14595 
38,647926 
37,588646 
36,250893 
37,04886 
36,562776 
36,770184 
37,842256 
36,89232 
 concat-stream: 
154,079504 
150,276184 
152,559513 
146,92667 
149,685843 
146,611573 
151,383033 
153,341211 
149,076473 
149,162249 
150,866851 
152,167106 
149,709291 
149,888529 
155,907996 
152,546743 
157,250226 
152,769181 
148,528856 
151,72495 
149,617 
150,958358 
153,577653 
151,16268 
152,540448 
152,07365 
154,319552 
149,34848 
150,69281 
148,046889 
152,067441 
149,066781 
149,702338 
149,636611 
152,157768 
154,640987 
152,2116 
150,167093 
153,111709 
149,176398 
150,241742 
148,746883 
153,272953 
151,14682 
150,405274 
148,871173 
151,879036 
153,400542 
147,957537 
151,425005 
151,54823 
151,117958 
149,188338 
153,652548 
150,180811 
152,228932 
152,148121 
148,389734 
147,973285 
149,864976 
148,173325 
148,66481 
149,683907 
152,878612 
156,151579 
152,086524 
163,224215 
150,81864 
151,256775 
152,025584 
149,477201 
150,780909 
150,037517 
157,978014 
147,16666 
150,176755 
148,502941 
150,760803 
150,105932 
152,502932 
150,857722 
154,455521 
151,702231 
154,357573 
149,808278 
149,834902 
149,82011 
152,468662 
147,641967 
150,146702 
150,638017 
155,311982 
149,255667 
151,829789 
153,092769 
151,337313 
152,205638 
154,635072 
148,336493 
152,902846 
149,04509 
 deep-bind: 
44,738253 
42,504663 
44,894047 
51,717645 
44,436036 
44,816227 
46,010339 
45,626413 
44,018472 
44,687822 
44,863545 
43,53441 
51,388771 
45,032794 
44,276355 
45,011717 
44,556863 
44,730536 
44,291655 
44,635574 
44,131889 
43,917294 
44,605919 
45,667193 
44,179164 
50,222533 
46,455559 
45,678317 
46,939851 
44,442277 
43,783979 
46,105378 
44,826517 
44,311119 
43,744149 
43,157846 
44,111587 
44,296901 
44,78451 
47,281715 
45,287096 
46,612971 
43,702722 
43,536499 
47,378616 
44,052293 
45,18611 
46,446094 
43,305458 
46,656267 
43,020278 
45,901533 
43,865965 
44,161034 
43,873104 
44,049804 
42,772291 
43,505834 
45,923706 
44,995977 
42,729913 
45,181 
49,510455 
44,507785 
46,203341 
43,406916 
43,660218 
44,82397 
46,119341 
44,436231 
44,277172 
43,598739 
45,996958 
43,675648 
44,010243 
43,504806 
42,87696 
44,264569 
43,843549 
46,396456 
45,735543 
45,740109 
44,518874 
44,22594 
44,832893 
44,503235 
44,441241 
44,866671 
44,111385 
44,146111 
46,3492 
44,085158 
43,525628 
45,065507 
44,679719 
43,346677 
44,585397 
46,103957 
43,89081 
42,93872 
44,607786 
 document-ready: 
 file-size: 
 fs-promise: 
161,449592 
161,981022 
160,77895 
162,182526 
167,123624 
154,460376 
158,678247 
161,773118 
156,611134 
162,983022 
160,137432 
160,689139 
156,778837 
163,052667 
165,013077 
157,050345 
160,498283 
156,603636 
155,527421 
157,139306 
161,033306 
159,484711 
160,612374 
155,661331 
161,30289 
155,202516 
164,770014 
160,238615 
168,944548 
160,049147 
159,719509 
158,368463 
160,450855 
158,104209 
159,887665 
167,649749 
160,651792 
160,529076 
158,907699 
157,340109 
164,307142 
158,883026 
158,077959 
158,040906 
157,376372 
160,973766 
159,870504 
160,59808 
160,20256 
158,490486 
160,129714 
158,970594 
167,049988 
161,184941 
160,649793 
157,218552 
155,995054 
159,500891 
160,677405 
159,982542 
157,298482 
159,842426 
158,954273 
158,997042 
163,647601 
157,023867 
161,394615 
156,261508 
158,530775 
156,156074 
162,134568 
159,146332 
161,709888 
158,798209 
160,751496 
159,90576 
160,170866 
160,067565 
163,250648 
170,070435 
160,669496 
159,237324 
160,851878 
158,362237 
162,345726 
161,18338 
157,228606 
162,299022 
158,385189 
162,726311 
165,237018 
158,471688 
162,360508 
160,888581 
159,961816 
160,445624 
159,566799 
158,568036 
161,434218 
161,351033 
160,740529 
 get-value: 
153,311479 
137,273645 
132,118867 
134,357011 
134,225073 
133,379714 
131,249778 
130,040657 
131,683858 
130,035606 
132,193985 
130,773868 
133,401119 
133,665586 
134,309252 
132,810342 
132,888017 
132,270528 
132,055392 
134,511786 
134,006002 
129,63328 
136,431256 
130,503616 
134,489193 
131,65691 
130,506305 
140,346088 
130,494764 
132,145302 
132,957397 
131,74056 
133,008859 
131,978531 
132,256923 
133,586556 
131,54952 
132,431298 
131,445779 
133,629449 
136,023718 
132,372059 
131,776977 
136,078876 
131,016502 
132,98967 
132,667955 
136,416877 
131,249823 
133,111251 
130,044928 
130,115039 
130,968313 
133,312594 
132,381416 
131,204482 
133,27988 
131,41899 
130,719906 
132,675787 
133,101577 
132,846232 
132,723494 
135,98757 
133,0359 
133,809704 
132,104771 
138,506258 
131,28797 
132,39397 
131,081676 
133,06466 
132,706167 
133,920609 
130,5901 
131,731219 
131,209008 
132,931482 
131,037368 
130,093726 
133,099908 
131,423647 
131,451848 
130,003016 
136,628675 
131,934607 
131,105756 
130,150819 
138,81013 
132,635405 
132,404733 
131,594434 
131,73325 
132,141529 
134,253318 
131,454383 
134,12133 
131,974479 
140,012015 
133,276594 
132,810496 
 group-array: 
112,4217 
112,629229 
113,655652 
118,801298 
123,999233 
113,583743 
115,320447 
111,601428 
113,024161 
113,760525 
112,264068 
114,380414 
111,872544 
111,776011 
113,659674 
111,641347 
113,09478 
114,828347 
117,29076 
116,346348 
110,079065 
112,497225 
112,404928 
112,426726 
112,984678 
125,049544 
120,608276 
111,347644 
120,191065 
114,617834 
111,688448 
118,438211 
111,641428 
125,317971 
109,441308 
111,204967 
111,630958 
111,246205 
116,321137 
112,490248 
117,966987 
113,107413 
111,983522 
114,266162 
113,501267 
111,678649 
113,01244 
110,97657 
112,356401 
112,116405 
114,121841 
111,769389 
123,190584 
110,269259 
111,871274 
123,058377 
113,213988 
112,296265 
112,473568 
117,086519 
111,104466 
112,153669 
111,050251 
113,810071 
118,826197 
111,144118 
113,824788 
113,884419 
112,806062 
113,613969 
115,221902 
113,486687 
112,916368 
111,238554 
110,752003 
114,420871 
111,028178 
109,0364 
112,473547 
108,978695 
112,919444 
116,220926 
112,500137 
112,957216 
114,129883 
113,003368 
113,16174 
111,691189 
111,791111 
111,623416 
115,607371 
111,265783 
120,008195 
117,193867 
112,803177 
112,019824 
110,454246 
112,422633 
109,780808 
111,282738 
113,384898 
 has-key-deep: 
62,029038 
61,269344 
54,994033 
55,404527 
55,179559 
55,556708 
55,0154 
56,870095 
54,891572 
55,684798 
54,83145 
54,269565 
54,484649 
54,914219 
57,519712 
55,348035 
55,230777 
55,175327 
54,756339 
55,441782 
55,62031 
60,87358 
54,795328 
55,270825 
55,487131 
54,758874 
55,271496 
58,206825 
54,897048 
54,278509 
55,181334 
54,998559 
54,35308 
54,813246 
54,551401 
54,745438 
60,744094 
60,721947 
54,252653 
56,087436 
54,582218 
55,512294 
54,707843 
61,245669 
55,118278 
55,519431 
54,477724 
61,481345 
55,029427 
54,700021 
61,167138 
54,582233 
54,700132 
61,1478 
54,846413 
56,706113 
54,778769 
61,15251 
54,880713 
54,847456 
55,359282 
55,020168 
55,550462 
54,910919 
55,018394 
61,237272 
54,097046 
55,220603 
55,211923 
55,879303 
55,004531 
55,13912 
55,022887 
54,946074 
61,168059 
54,724662 
54,798891 
54,694057 
61,210267 
60,916579 
60,628047 
55,17303 
54,271628 
54,56085 
54,786227 
54,308347 
54,669761 
54,968024 
55,488438 
55,143608 
60,937765 
55,090881 
55,189116 
54,80386 
61,4825 
54,894955 
55,399375 
55,02191 
54,809746 
54,649072 
55,948975 
 has-value: 
43,992299 
42,411515 
43,437187 
43,795726 
43,595028 
43,453757 
43,320558 
43,567373 
43,233139 
43,17888 
43,729398 
43,57428 
43,299679 
43,591375 
43,154013 
43,404982 
44,107013 
44,064405 
43,229076 
43,376238 
44,539556 
43,74483 
44,473823 
43,126864 
42,703195 
43,480081 
43,06151 
54,743158 
42,957243 
43,247546 
43,231557 
42,3867 
43,824102 
43,145415 
43,500412 
43,424943 
43,034784 
42,822231 
42,761526 
44,419731 
44,305879 
43,428723 
43,220231 
43,719506 
54,30797 
44,584877 
43,218758 
42,769077 
43,474232 
44,436967 
49,35049 
42,620175 
43,237615 
42,644052 
42,642504 
43,452368 
43,442131 
43,277151 
43,208829 
43,624888 
43,426323 
42,729272 
43,083479 
43,024813 
42,328744 
42,633871 
42,722453 
43,36936 
42,154909 
43,447851 
42,451751 
43,094576 
42,81081 
45,072868 
42,477191 
43,847457 
43,179148 
43,567232 
43,311641 
42,967965 
49,173887 
43,623753 
43,115191 
43,504905 
42,835487 
49,415057 
40,95262 
44,226946 
43,901816 
43,320104 
43,503878 
48,677372 
42,797747 
42,807996 
42,541524 
43,738428 
42,862634 
43,72977 
42,952301 
42,732235 
43,480325 
 he: 
94,174132 
94,683833 
93,87229 
92,138845 
94,365807 
92,669077 
93,384424 
93,603732 
96,785976 
93,760483 
97,75309 
92,283917 
92,020779 
93,76506 
98,712764 
93,030167 
94,479559 
93,563455 
93,504796 
100,823853 
92,596273 
96,422122 
95,325029 
94,169437 
94,519342 
94,965814 
97,567878 
95,435554 
93,620231 
93,859274 
93,919504 
94,223636 
91,885405 
91,765657 
97,421915 
91,303554 
94,274525 
95,091717 
92,623456 
94,69446 
90,677337 
94,160251 
94,320755 
96,425901 
95,422659 
94,092424 
95,566511 
94,196554 
91,908956 
95,979596 
95,04595 
93,853171 
99,797294 
92,022026 
93,10426 
93,775052 
92,318312 
93,647262 
92,952051 
96,000012 
92,14248 
93,677984 
92,17346 
92,032152 
94,75098 
92,844327 
94,12433 
93,172282 
100,229558 
95,732333 
91,16239 
92,116456 
91,671256 
92,404377 
93,858742 
98,064964 
94,405564 
92,92202 
92,718759 
92,824404 
92,136157 
94,536009 
93,636112 
95,775209 
98,904678 
94,261988 
93,795417 
93,983681 
93,36814 
91,847469 
91,752686 
91,387915 
92,201284 
93,467144 
93,012099 
95,328167 
92,917601 
94,157797 
91,015956 
93,34338 
98,068473 
 identity-function: 
29,25851 
30,278526 
29,583447 
29,668221 
29,597226 
29,746365 
29,53374 
29,097581 
29,198645 
28,932848 
29,193935 
29,436463 
30,203559 
30,389875 
29,24584 
29,574717 
29,760375 
29,593967 
29,287119 
29,291975 
29,796771 
29,965815 
29,241605 
29,124097 
29,509205 
29,88615 
29,982868 
29,297058 
29,090966 
29,847336 
29,123462 
29,613513 
29,445178 
29,190644 
29,055483 
29,756639 
29,368538 
29,31089 
29,517871 
29,426713 
29,235262 
29,481529 
29,605212 
29,23512 
29,396375 
29,420543 
29,440676 
30,303534 
29,601461 
29,854272 
29,108725 
29,323924 
29,594742 
29,366517 
29,64135 
29,573671 
29,469186 
29,373471 
29,296094 
29,363163 
29,507176 
29,170359 
29,756739 
29,160223 
29,429927 
29,806571 
29,545018 
29,494305 
29,427637 
29,404931 
29,712099 
29,495595 
29,333773 
29,357345 
29,794242 
29,554293 
29,198674 
29,204938 
29,711603 
29,313216 
29,38114 
29,123985 
29,524471 
29,61757 
29,556095 
29,42572 
29,234748 
29,229764 
29,188435 
29,612376 
29,38798 
29,660338 
28,726941 
29,679816 
29,784516 
28,852108 
29,220229 
29,211242 
30,020946 
29,093053 
29,539129 
 in-array: 
31,164608 
31,530624 
31,365206 
31,095815 
32,015196 
31,384674 
38,311761 
32,022131 
31,51538 
31,855572 
37,375184 
31,6693 
31,260669 
31,209383 
31,793294 
31,200993 
32,311769 
37,701303 
31,20792 
31,243051 
31,048877 
31,791094 
31,48596 
35,783886 
31,795004 
31,40839 
31,295807 
31,136013 
32,211081 
31,151259 
32,171349 
31,68501 
31,213792 
31,331558 
32,332637 
31,719878 
31,647189 
37,834458 
31,584363 
39,401958 
32,015479 
30,752132 
31,285745 
31,550415 
31,208269 
30,994699 
32,087869 
31,065746 
31,406055 
31,260992 
31,123115 
31,021745 
31,62478 
31,09459 
31,389404 
31,230833 
31,476628 
31,744269 
32,617399 
32,772367 
31,865441 
31,23125 
31,649516 
31,469756 
31,874606 
31,01153 
31,092945 
31,148648 
31,302499 
31,352791 
30,772683 
31,182458 
31,146884 
31,815637 
32,428073 
32,010232 
37,892121 
31,037522 
31,85474 
31,338118 
31,670669 
31,056406 
31,789963 
31,3806 
31,446529 
31,854105 
31,548245 
32,472206 
32,087708 
31,682681 
31,433097 
31,233385 
31,286807 
39,357304 
31,774937 
31,946819 
31,556126 
32,189762 
31,391592 
31,44436 
31,650174 
 is-empty-object: 
29,177334 
29,559059 
29,333081 
28,872395 
29,076774 
29,782744 
29,502027 
29,224252 
30,431961 
29,314912 
29,817296 
29,31064 
29,015187 
29,732155 
29,169776 
29,765367 
29,479306 
29,983619 
29,161698 
29,028401 
29,343473 
29,659541 
29,355456 
29,288342 
29,262972 
29,269211 
29,506797 
29,304602 
29,074479 
29,056646 
29,168998 
29,278135 
29,166178 
29,444465 
29,337163 
29,045597 
29,229036 
29,349481 
30,270445 
29,446274 
29,233692 
28,832786 
29,223943 
29,603658 
29,3063 
29,112077 
29,495973 
29,611182 
29,736471 
30,101193 
29,203753 
29,178246 
29,285588 
29,567427 
30,156938 
29,288278 
30,041245 
29,544866 
29,500402 
29,457387 
29,09139 
29,104332 
29,492538 
29,238339 
29,197116 
29,124309 
29,976674 
29,229389 
29,060415 
29,184479 
29,115678 
29,319017 
29,663517 
29,128314 
29,23081 
29,187481 
29,231519 
29,29824 
29,04994 
29,471117 
29,390545 
29,114257 
29,373247 
29,483589 
29,370662 
29,470385 
29,177317 
29,457944 
28,893945 
29,182839 
29,074233 
29,162261 
29,246174 
29,058612 
29,225127 
29,047899 
29,124136 
29,611958 
29,101098 
29,40796 
29,340826 
 is-generator: 
88,404828 
88,056129 
87,797229 
87,943826 
88,503291 
87,512921 
88,644313 
88,280528 
87,73284 
87,529599 
88,585258 
87,734846 
90,547086 
87,719554 
92,253514 
87,553095 
88,083176 
88,047742 
87,590068 
96,347009 
89,630766 
87,70563 
87,806952 
87,761678 
88,449816 
88,844046 
87,709858 
88,041425 
88,320715 
88,223149 
87,402121 
87,922513 
87,483622 
87,422576 
87,346432 
88,05122 
87,949834 
87,586488 
87,996054 
88,291703 
87,241332 
88,290034 
87,374664 
89,137423 
88,615944 
93,905334 
88,544745 
88,525942 
88,580319 
88,159198 
88,170272 
87,679112 
88,088694 
87,919244 
88,855921 
88,000336 
87,634848 
87,037842 
87,568795 
87,964654 
88,051785 
88,907086 
87,692182 
88,277606 
87,816742 
88,147912 
88,193163 
87,610229 
88,838025 
88,850149 
87,6557 
87,347725 
87,262391 
89,15354 
87,891581 
87,001953 
87,425004 
87,664805 
88,995138 
88,480734 
88,274045 
87,291875 
88,250299 
88,45532 
87,472176 
87,573712 
88,49425 
87,504806 
87,793752 
87,465377 
87,992786 
88,051086 
87,858674 
88,65962 
88,328776 
88,148529 
89,018308 
97,799681 
89,182224 
88,135324 
87,929258 
 is-number: 
64,562859 
62,876626 
64,378103 
64,64631 
69,243558 
63,1539 
63,09897 
62,975024 
62,882478 
62,395301 
62,513048 
63,994501 
64,49987 
66,411431 
63,465846 
63,747266 
63,125154 
63,31486 
62,952215 
64,151881 
64,759821 
63,603921 
64,098194 
62,798725 
62,192454 
62,977304 
62,901526 
66,198595 
63,645709 
63,798996 
62,814955 
62,252375 
62,740925 
64,915266 
63,76684 
63,601364 
63,386497 
63,83272 
63,569534 
71,0285 
64,183389 
63,123073 
64,470938 
63,443763 
62,934786 
70,325455 
63,763306 
62,116644 
63,719617 
63,125801 
62,51444 
63,550771 
61,992719 
63,947165 
66,283303 
63,025535 
62,874658 
63,343952 
63,603599 
62,945662 
64,229175 
62,786458 
69,678437 
70,949227 
63,980075 
62,585991 
61,201437 
62,984126 
67,065486 
69,191665 
63,233198 
63,830778 
63,727914 
64,685037 
64,243927 
63,916096 
69,830519 
63,356194 
62,843915 
62,893019 
70,192976 
62,5178 
62,909779 
62,556998 
63,692028 
64,408098 
64,006172 
65,386519 
63,426044 
67,411507 
63,860339 
61,973954 
64,017748 
63,715517 
65,069244 
66,724529 
63,175832 
65,346928 
62,679639 
72,350945 
64,663142 
 is-promise: 
 is-sorted: 
75,677188 
75,300525 
75,102973 
75,920135 
74,696869 
76,997782 
74,671021 
75,270852 
76,305881 
75,094015 
75,478373 
74,465443 
76,196627 
75,633494 
74,589187 
81,417158 
74,660949 
74,750117 
77,640347 
81,382019 
76,260789 
75,452688 
75,053661 
75,578487 
74,257404 
74,890365 
76,059706 
74,88897 
75,095729 
75,906655 
74,493046 
75,172282 
75,454715 
75,250862 
75,50983 
75,418583 
75,478419 
74,45841 
75,604669 
75,543568 
76,11857 
83,189634 
76,138939 
75,058779 
75,209515 
74,350479 
76,259956 
75,501009 
76,35519 
74,621008 
74,505651 
75,352345 
75,465788 
74,498557 
74,857899 
74,494216 
76,424788 
74,332601 
76,557303 
76,266661 
74,965613 
75,749453 
75,033872 
74,212668 
75,099147 
75,502863 
74,795204 
75,260857 
77,341567 
75,529368 
75,156263 
75,318554 
75,306207 
74,562563 
75,662176 
74,690692 
75,439001 
77,089397 
74,857055 
76,520023 
74,776662 
76,880097 
75,131778 
75,311039 
75,979764 
74,138231 
75,038467 
75,665859 
75,229147 
75,345972 
75,602785 
74,885259 
75,536786 
74,592033 
74,907588 
75,105103 
74,744909 
75,396879 
74,546977 
75,102557 
75,206874 
 left-pad: 
353,406599 
351,066569 
349,104456 
361,510687 
349,482581 
343,647517 
341,055103 
345,457342 
345,156383 
344,272303 
335,927912 
341,775064 
343,896297 
343,740283 
350,74684 
344,554968 
340,875324 
341,597515 
349,697542 
342,222857 
346,725403 
342,526934 
340,9279 
339,811697 
345,062728 
333,063605 
330,921242 
344,278027 
343,698515 
337,717486 
327,85576 
352,231404 
347,874811 
358,670485 
338,343488 
344,555451 
342,601698 
340,272785 
332,501535 
341,732574 
347,314586 
341,755461 
341,267033 
345,572666 
344,233303 
342,408306 
350,27028 
342,840655 
341,429219 
342,684851 
343,061422 
344,748224 
345,222778 
345,920207 
341,830687 
331,731155 
346,144173 
346,003534 
318,570701 
344,81529 
345,627371 
325,286882 
342,285906 
358,71606 
333,924455 
334,655148 
342,109117 
342,110401 
353,484386 
331,922053 
351,652843 
340,10532 
343,083668 
342,500138 
346,1529 
344,059662 
340,668928 
347,998826 
346,806101 
345,549858 
349,87122 
346,73879 
349,425197 
341,110986 
339,99703 
319,149759 
331,857756 
343,473911 
344,725688 
340,660422 
350,94003 
355,415197 
349,772528 
347,21284 
320,767657 
346,800182 
352,210131 
343,554164 
346,396139 
346,697621 
353,047269 
 missing-deep-keys: 
40,084196 
129,814988 
40,184136 
143,009594 
40,135107 
130,081476 
40,013713 
131,199256 
40,159311 
131,594449 
40,043176 
129,99618 
40,195689 
131,988555 
40,118747 
130,482337 
40,190872 
130,541798 
40,014936 
136,187879 
39,950157 
131,059241 
39,927719 
130,576661 
40,508079 
129,752392 
39,93641 
134,392071 
40,262694 
130,266041 
40,364103 
137,48744 
40,052782 
134,87268 
39,965367 
141,632659 
39,076874 
132,152424 
40,074234 
131,74626 
40,009433 
132,431639 
40,078343 
139,67761 
39,931995 
129,137737 
40,123443 
134,719221 
40,054595 
130,518171 
40,019177 
130,146713 
40,204991 
131,729538 
40,500626 
130,346121 
39,81205 
130,643214 
40,123644 
129,414359 
40,143307 
133,710166 
40,297849 
132,971143 
39,912248 
130,757063 
40,38939 
129,683299 
40,428807 
130,275597 
39,872555 
130,803059 
39,670669 
130,346119 
40,004462 
131,231491 
40,038384 
130,015328 
40,460174 
129,735644 
40,213133 
133,80437 
40,27808 
132,309501 
40,163113 
131,165574 
40,104512 
130,244722 
39,970814 
130,193428 
39,925205 
133,064925 
40,311582 
132,302754 
40,128285 
130,699025 
39,99775 
129,66469 
40,479202 
130,060486 
40,353892 
133,493552 
40,241782 
129,806374 
40,414989 
130,098017 
40,316018 
131,207227 
39,927756 
129,928955 
40,357329 
129,991327 
40,246822 
130,42386 
42,280861 
130,320784 
40,301858 
130,772494 
40,214622 
137,889163 
40,409141 
130,645148 
40,24391 
131,34137 
39,91549 
130,398038 
40,240887 
130,789313 
39,91961 
129,465713 
40,095361 
129,760318 
40,259245 
131,430152 
40,045906 
133,267767 
40,148299 
130,357732 
40,126788 
130,581977 
39,997853 
130,129023 
40,016912 
130,224757 
40,126906 
130,378048 
42,703254 
129,874936 
39,972652 
141,50995 
40,107574 
133,493811 
40,181847 
131,160273 
39,812213 
131,029359 
40,079767 
129,546668 
40,343955 
129,886859 
40,169597 
129,137708 
40,415367 
129,644246 
40,326141 
131,193422 
39,999707 
130,941101 
40,290014 
130,269299 
40,428304 
136,274575 
39,914379 
133,2243 
40,130757 
132,867746 
40,100903 
130,592008 
40,506536 
129,829954 
40,016192 
130,196835 
40,299337 
130,873258 
40,563458 
130,829326 
39,993295 
129,825036 
40,297289 
131,496332 
40,315889 
133,757528 
40,305681 
130,063897 
40,023826 
130,629486 
40,044383 
130,535245 
40,356768 
129,948487 
40,894311 
130,052271 
 ndarray: 
89,683449 
87,879314 
88,198107 
89,019107 
88,534784 
89,411026 
88,251393 
88,768555 
88,526136 
88,377743 
88,553608 
87,578927 
88,629856 
89,679897 
88,461515 
88,900825 
88,403307 
90,127531 
88,551684 
88,417829 
89,297666 
88,645063 
87,736828 
87,44182 
89,065566 
87,902878 
90,44747 
87,479312 
88,036653 
88,394362 
87,922263 
88,18379 
88,317896 
87,99931 
93,14882 
88,905715 
87,658797 
94,002519 
88,805492 
88,7947 
88,623453 
89,616703 
88,581531 
88,827153 
88,763336 
88,619654 
88,798893 
88,491525 
89,737522 
86,632443 
89,132126 
87,776749 
89,343519 
88,084773 
88,563886 
90,634677 
87,688471 
88,153285 
88,605664 
87,779706 
88,893637 
88,605356 
88,73633 
87,490059 
88,704818 
88,275761 
88,167493 
88,320456 
89,281075 
90,753257 
86,283559 
89,012216 
87,202099 
88,699871 
88,149065 
87,996822 
88,556679 
88,404942 
88,575687 
88,157252 
89,169078 
87,294482 
88,01036 
89,592546 
88,289233 
88,406973 
87,322487 
87,928666 
88,661413 
89,104124 
88,308076 
89,159437 
89,195818 
89,254641 
88,718499 
88,871956 
88,250911 
86,703795 
88,215685 
88,684966 
88,299984 
 node-du: 
117,823282 
113,592501 
108,735317 
110,845425 
106,686692 
106,610285 
111,116418 
112,165874 
109,153647 
112,573278 
109,032786 
107,996074 
109,282531 
108,861295 
111,59636 
118,703848 
115,932336 
108,707217 
109,28039 
114,699264 
109,416486 
115,682558 
109,174756 
112,516385 
110,805451 
108,037419 
112,244433 
111,57138 
113,768492 
108,36261 
110,078688 
112,80634 
115,801541 
109,381572 
107,455547 
115,045377 
113,087685 
114,252061 
110,733546 
113,591481 
107,953628 
110,034759 
114,311851 
112,148867 
110,533411 
111,243379 
108,269722 
120,47398 
117,719319 
113,485047 
108,869637 
106,896379 
113,453644 
113,580751 
112,423924 
112,553109 
114,561676 
107,296968 
111,462176 
108,694896 
108,63559 
112,121373 
109,651473 
108,752606 
109,143579 
107,307022 
113,131496 
116,44943 
108,126353 
109,730382 
114,009374 
107,016369 
110,880458 
113,649237 
110,038593 
108,731851 
108,569411 
109,147129 
111,858923 
115,062006 
108,707698 
108,455458 
117,856837 
108,147217 
108,65915 
115,135355 
114,264225 
118,270816 
109,359353 
110,725541 
107,675298 
116,452508 
109,593199 
109,340004 
112,863439 
108,554198 
112,18853 
110,873102 
109,6918 
107,969916 
108,69008 
 node-glob: 
    28,440595 
    14,12508 
    14,050238 
    14,370801 
    19,063461 
    14,327314 
    14,061805 
    14,064952 
    14,187597 
    15,116519 
    15,238431 
    14,414504 
    14,356561 
    14,123719 
    14,242257 
    19,021838 
    19,241099 
    14,314427 
    14,392237 
    14,01483 
    15,223026 
    14,140372 
    14,979634 
    14,982637 
    14,441776 
    14,223216 
    13,894395 
    14,285736 
    14,233392 
    14,1037 
    27,166206 
    14,024345 
    14,646323 
    14,149546 
    18,871132 
    14,385676 
    14,721169 
    13,780343 
    14,25743 
    14,700807 
    13,997764 
    14,185841 
    14,027928 
    14,1997 
    14,149914 
    19,206631 
    20,248607 
    14,990334 
    14,404776 
    14,416942 
    14,148164 
    14,160646 
    14,300756 
    14,975659 
    14,168445 
    15,051819 
    15,048944 
    14,353294 
    14,022256 
    14,240959 
    29,789574 
    14,688031 
    14,246568 
    16,654125 
    20,10338 
    14,099046 
    14,182213 
    14,882395 
    14,139875 
    14,301168 
    14,278939 
    15,046484 
    14,429585 
    14,960256 
    14,227465 
    19,006998 
    19,32289 
    14,006606 
    14,30707 
    14,306666 
    14,362511 
    14,963984 
    14,153213 
    14,062277 
    14,149463 
    14,635252 
    15,883159 
    13,96751 
    14,161646 
    15,108731 
    28,151167 
    14,186151 
    13,920435 
    14,461997 
    19,098199 
    14,396295 
    14,203962 
    14,01891 
    13,89589 
    14,182027 
    14,297247 
    15,078504 
    14,074201 
    14,308311 
    14,118017 
    19,158114 
    19,150356 
    14,294917 
    14,339329 
    14,195907 
    14,284588 
    14,897142 
    14,280499 
    14,082145 
    18,438825 
    14,024156 
    15,352541 
    14,849714 
    14,617153 
    14,73387 
    27,683553 
    14,091792 
    14,052529 
    14,187695 
    18,977005 
    14,169191 
    16,298611 
    13,811743 
    13,965617 
    14,744275 
    13,998595 
    14,768985 
    14,520355 
    14,737385 
    14,453914 
    19,171348 
    19,004323 
    15,187053 
    14,187194 
    14,205089 
    14,15198 
    15,118692 
    17,014788 
    14,084968 
    14,226071 
    14,217979 
    14,140578 
    14,537412 
    15,010613 
    15,362016 
    28,23789 
    14,591642 
    13,973611 
    14,190303 
    19,090869 
    16,689256 
    14,869126 
    14,740064 
    13,979815 
    14,085277 
    14,025346 
    15,134893 
    14,236329 
    14,311 
    14,337453 
    18,902504 
    19,068703 
    14,172429 
    13,990418 
    14,114627 
    14,209319 
    15,498325 
    14,671908 
    14,074702 
    14,382582 
    16,28234 
    14,113665 
    14,119634 
    14,453452 
    14,33472 
    27,077801 
    14,277171 
    14,171863 
    14,218922 
    20,122888 
    15,109855 
    14,152045 
    14,043663 
    14,270889 
    14,442722 
    14,106201 
    14,245814 
    15,169835 
    14,767483 
    14,284312 
    19,204764 
    18,996851 
    15,76446 
    14,400534 
    15,125215 
    14,180616 
    14,242914 
    15,226333 
    14,735422 
    14,445056 
    14,182783 
    14,119389 
    14,209256 
    14,933929 
    15,525294 
    27,821059 
    14,875673 
    14,088265 
    14,7338 
    19,86671 
    14,210418 
    14,947271 
    13,875496 
    14,289458 
    14,067251 
    13,993047 
    14,046428 
    14,987259 
    14,478305 
    14,02281 
    19,186721 
    18,754025 
    13,966213 
    14,164896 
    14,507237 
    14,173007 
    13,962795 
    14,397521 
    14,860394 
    14,224469 
    15,140745 
    14,782274 
    14,287834 
    14,299684 
    14,298352 
    27,900101 
    14,269925 
    14,275551 
    14,113002 
    19,127804 
    14,381784 
    14,38453 
    14,107598 
    14,220784 
    14,507308 
    14,702067 
    14,207519 
    14,020476 
    14,306908 
    15,185784 
    19,188828 
    19,090431 
    14,236227 
    14,650897 
    14,403142 
    14,062317 
    14,661212 
    14,072478 
    14,099836 
    14,365624 
    14,183508 
    14,094821 
    14,079178 
    14,158366 
    13,975948 
    27,591327 
    14,085791 
    14,645106 
    16,003395 
    19,017295 
    14,354979 
    14,159733 
    14,121363 
    14,791587 
    14,302805 
    14,911686 
    14,233573 
    15,032732 
    14,411757 
    14,104477 
    18,938327 
    19,153012 
    14,432503 
    14,394765 
    14,245215 
    15,023128 
    14,211691 
    14,642151 
    14,070737 
    14,262858 
    14,11522 
    14,069562 
    14,369617 
    15,593522 
    14,285137 
    33,104693 
    14,363425 
    14,446275 
    14,278029 
    18,981903 
    15,021166 
    14,601165 
    13,941428 
    14,073465 
    13,788734 
    15,140627 
    15,453468 
    14,039555 
    13,996045 
    15,184452 
    19,101639 
    18,92917 
    14,448325 
    14,309382 
    13,972528 
    15,187142 
    14,753632 
    14,218636 
    14,315772 
    14,45728 
    14,399605 
    13,886204 
    14,394803 
    14,187025 
    14,064347 
    27,764106 
    14,201328 
    14,256684 
    14,985838 
    19,121317 
    14,268577 
    14,144227 
    14,358865 
    14,834867 
    14,486081 
    14,92311 
    14,144477 
    14,180546 
    14,17144 
    14,242933 
    19,040065 
    19,173056 
    14,154979 
    14,282541 
    14,977587 
    14,209827 
    14,271591 
    15,479745 
    14,199976 
    14,095577 
    14,237703 
    13,976071 
    15,269235 
    13,976973 
    14,282833 
    30,970818 
    14,250182 
    15,382455 
    15,246552 
    19,35793 
    15,027518 
    15,572799 
    14,785468 
    14,203505 
    14,053149 
    15,438766 
    14,1758 
    14,150137 
    14,192627 
    14,363941 
    18,998356 
    18,975511 
    14,873162 
    14,323047 
    14,022672 
    15,046841 
    14,153195 
    15,130808 
    14,766499 
    14,072417 
    14,086123 
    15,405633 
    15,105056 
    14,386142 
    14,077378 
    28,170285 
    14,121241 
    14,932131 
    13,769115 
    18,982045 
    14,272503 
    14,464092 
    14,897727 
    15,266845 
    14,623322 
    14,045923 
    13,973422 
    14,189469 
    14,200147 
    14,316102 
    19,010685 
    19,031638 
    14,164329 
    14,10487 
    14,373739 
    14,610051 
    14,457165 
    14,469782 
    14,171309 
    14,514178 
    14,68759 
    13,895758 
    14,280469 
    14,167096 
    14,473932 
    27,240573 
    14,142699 
    14,17157 
    15,051225 
    19,214698 
    14,247587 
    15,265838 
    14,754292 
    14,874631 
    14,559453 
    14,318431 
    14,226664 
    14,324883 
    14,305093 
    14,384264 
    19,531713 
    20,261928 
    14,272383 
    14,311206 
    14,410024 
    14,406317 
    14,251198 
    14,175756 
    13,998764 
    14,006219 
    14,136943 
    14,111812 
    14,225939 
    14,664981 
    16,055369 
    29,104831 
    14,000695 
    14,899933 
    16,094599 
    18,994859 
    14,06374 
    14,167595 
    14,746059 
    14,197805 
    13,896093 
    14,082216 
    14,140088 
    15,015909 
    14,29426 
    14,219634 
    19,08582 
    19,083862 
    14,17049 
    14,876046 
    14,168249 
    14,257417 
    14,168993 
    14,248153 
    14,765965 
    14,442878 
    15,535925 
    15,001811 
    15,533494 
    14,441455 
    14,122206 
    28,267797 
    14,141361 
    14,884039 
    14,954222 
    19,02815 
    14,120676 
    14,628092 
    14,03796 
    14,818787 
    14,292165 
    14,199274 
    14,714601 
    15,945755 
    14,603401 
    14,292138 
    18,927461 
    19,77663 
    13,92693 
    14,287137 
    14,688448 
    14,049367 
    14,959169 
    13,986742 
    14,770911 
    14,160918 
    14,791114 
    14,53532 
    14,328119 
    14,50717 
    14,90877 
    28,46802 
    14,874297 
    14,359324 
    14,456579 
    19,006461 
    14,12315 
    14,470629 
    14,05417 
    14,164994 
    14,158668 
    14,080277 
    14,273506 
    14,279603 
    14,187229 
    14,397343 
    19,041228 
    18,854704 
    14,232123 
    14,204103 
    14,915661 
    15,004344 
    15,654474 
    14,125184 
    14,119566 
    14,300365 
    14,150214 
    14,072002 
    14,702393 
    14,077314 
    14,091323 
    33,712108 
    14,140927 
    14,204327 
    14,965679 
    19,066643 
    14,621641 
    14,069485 
    14,956558 
    14,245628 
    14,250739 
    14,632039 
    14,157899 
    14,132359 
    14,222712 
    14,245628 
    19,003406 
    19,029585 
    14,138417 
    14,292764 
    14,375464 
    14,357602 
    14,859044 
    14,182501 
    14,086899 
    13,953223 
    13,996813 
    14,66434 
    14,130883 
    15,071619 
    14,600664 
    28,264455 
    14,050318 
    14,24443 
    15,74285 
    19,041474 
    14,29789 
    14,468316 
    15,107027 
    15,102213 
    14,940087 
    15,050022 
    14,220459 
    14,268642 
    14,258217 
    14,33549 
    19,820623 
    19,068717 
    14,364894 
    15,581962 
    14,7115 
    15,372435 
    14,616188 
    14,483098 
    14,84575 
    14,105101 
    14,175005 
    14,765182 
    15,282119 
    15,064882 
    14,129951 
    28,352795 
    14,372396 
    14,239877 
    14,260841 
    19,182167 
    14,791435 
    14,221581 
    14,77211 
    14,32076 
    14,248969 
    14,087168 
    14,490258 
    14,281649 
    14,128619 
    14,02598 
    20,322218 
    18,977625 
    13,957535 
    14,017568 
    14,136139 
    14,990559 
    15,072009 
    13,892514 
    14,129497 
    14,192919 
    14,53115 
    14,132405 
    15,168171 
    14,1779 
    14,162279 
    33,702562 
    14,113771 
    15,149455 
    14,423635 
    18,850486 
    14,119701 
    14,156734 
    14,397261 
    15,084776 
    14,395369 
    14,823536 
    14,542112 
    14,847158 
    14,273968 
    14,327002 
    19,552326 
    19,040109 
    14,840886 
    15,054797 
    14,168152 
    14,129717 
    14,97183 
    14,111163 
    14,043557 
    14,268064 
    15,254839 
    14,103583 
    15,444038 
    15,287468 
    14,024266 
    28,643015 
    14,090518 
    14,312642 
    14,110983 
    19,212083 
    14,433523 
    14,566405 
    14,926285 
    13,985874 
    14,546477 
    14,85543 
    14,092356 
    14,576264 
    14,622389 
    14,240791 
    18,999976 
    19,089578 
    14,010783 
    14,533894 
    15,189367 
    14,172995 
    14,720943 
    14,127671 
    15,471989 
    14,251883 
    21,063304 
    14,148302 
    14,791772 
    14,386117 
    14,612168 
    27,660276 
    14,198884 
    14,134734 
    14,128943 
    19,105987 
    14,017864 
    14,071161 
    14,591615 
    15,028873 
    14,078328 
    14,718006 
    14,253671 
    14,108473 
    14,440917 
    14,678841 
    18,902004 
    19,121916 
    15,465907 
    14,090339 
    15,109369 
    14,006884 
    14,357839 
    14,189826 
    14,817008 
    14,248329 
    14,323554 
    14,168282 
    14,897949 
    14,197716 
    16,000021 
    28,588946 
    14,01247 
    14,286888 
    14,179235 
    19,003711 
    14,653925 
    15,200298 
    14,69591 
    14,463016 
    14,060784 
    23,612776 
    15,183982 
    14,125309 
    14,216328 
    14,149997 
    19,181504 
    19,082128 
    14,078183 
    14,21087 
    14,225192 
    14,204633 
    14,253795 
    14,346803 
    14,51242 
    14,678413 
    14,089834 
    14,022141 
    14,147357 
    14,15172 
    14,480084 
    28,740627 
    14,126897 
    14,327176 
    14,146506 
    18,993121 
    16,381143 
    14,26069 
    14,131544 
    14,218011 
    14,203761 
    14,061672 
    13,913509 
    14,340871 
    14,217748 
    14,431096 
    19,637497 
    18,968373 
    14,131497 
    14,277195 
    14,626422 
    14,22299 
    14,258464 
    14,448383 
    14,255486 
    13,968774 
    13,958859 
    13,993702 
    14,323906 
    13,97923 
    17,123297 
    27,712111 
    13,908915 
    14,159595 
    14,223645 
    18,963085 
    14,383156 
    14,371993 
    14,11363 
    14,61799 
    14,607728 
    15,562249 
    13,891509 
    14,108421 
    14,294466 
    14,210109 
    18,981083 
    18,930526 
    14,161716 
    14,381825 
    14,246322 
    14,639715 
    14,533645 
    14,363892 
    15,278873 
    15,022452 
    15,032619 
    13,889936 
    14,295347 
    14,255385 
    14,113582 
    27,88354 
    14,509019 
    14,111201 
    13,953628 
    18,950664 
    14,24606 
    14,060675 
    14,839573 
    14,088751 
    14,260093 
    14,196342 
    14,399687 
    14,115569 
    14,22869 
    14,735665 
    19,759071 
    18,987645 
    14,191047 
    15,647848 
    14,287666 
    14,002667 
    14,435244 
    14,255819 
    23,523569 
    14,859553 
    14,184222 
    14,690265 
    14,224265 
    14,174728 
    14,099839 
    27,825632 
    14,835719 
    13,943302 
    14,162315 
    19,009493 
    14,034981 
    15,047785 
    14,127499 
    14,498937 
    14,063118 
    14,047772 
    14,184363 
    14,772543 
    14,182972 
    13,922808 
    18,99746 
    18,956777 
    14,099844 
    14,221471 
    14,909319 
    15,584311 
    14,096878 
    15,415032 
    14,63967 
    14,333821 
    14,207627 
    15,023371 
    13,925393 
    14,327096 
    14,040881 
    27,011152 
    14,248399 
    14,283735 
    14,264702 
    19,057229 
    14,360576 
    16,103754 
    14,088462 
    15,049255 
    14,836966 
    14,784138 
    15,042972 
    14,461973 
    15,071852 
    14,147641 
    18,971065 
    18,963993 
    14,151203 
    14,257391 
    14,330201 
    14,253599 
    14,493455 
    14,132886 
    14,593102 
    14,105064 
    14,647042 
    14,6422 
    14,872316 
    14,169022 
    14,056791 
    29,121737 
    14,275918 
    16,154501 
    14,229642 
    19,073028 
    14,857157 
    14,235183 
    16,08305 
    14,726394 
    14,355799 
    13,916112 
    14,156584 
    14,859604 
    14,605415 
    14,2798 
    19,015503 
    19,751812 
    15,056144 
    14,29267 
    14,120831 
    14,19292 
    15,22738 
    14,231428 
    14,13681 
    14,018352 
    14,429325 
    14,588663 
    15,411515 
    14,299375 
    14,11826 
    28,218301 
    14,803562 
    15,306071 
    14,735239 
    18,894262 
    14,200628 
    15,321748 
    14,137536 
    14,161642 
    14,16762 
    14,181457 
    14,280947 
    14,091016 
    16,249382 
    14,24954 
    19,001924 
    19,085833 
    15,581874 
    15,532701 
    14,162405 
    14,183118 
    14,149616 
    15,126918 
    14,429526 
    14,194791 
    14,366552 
    14,381816 
    14,228318 
    14,297997 
    14,261063 
    28,571982 
    14,237913 
    14,963814 
    14,237217 
    18,909951 
    13,988879 
    15,249664 
    14,672036 
    14,161724 
    15,221659 
    14,837074 
    14,965372 
    15,169103 
    14,27958 
    15,115441 
    19,006193 
    19,086606 
    14,278217 
    14,199433 
    15,250875 
    14,15161 
    14,129752 
    14,874543 
    13,993194 
    14,149794 
    14,213531 
    14,073755 
    14,64107 
    14,16627 
    14,174761 
    28,662262 
    14,236011 
    14,316847 
    14,49946 
    19,175888 
    14,04801 
    14,379827 
    14,098097 
    14,403275 
    14,030648 
    14,056922 
    15,738957 
    14,92176 
    14,384488 
    14,870542 
    19,172579 
    19,089156 
    14,655851 
    14,185735 
    14,437445 
    14,367497 
    14,232161 
    15,178057 
    14,786223 
    14,240858 
    16,201667 
    14,4565 
    14,135377 
    14,909372 
    14,308665 
    28,199916 
    14,473053 
    14,323826 
    14,185061 
    18,959101 
    14,112921 
    14,219551 
    14,853177 
    14,318434 
    14,149099 
    13,982594 
    14,435034 
    14,091132 
    15,057743 
    14,19808 
    19,021547 
    20,227513 
    14,048719 
    14,317258 
    14,19077 
    14,087785 
    14,562284 
    14,293885 
    14,539995 
    14,36683 
    14,186628 
    13,90666 
    14,234047 
    14,180258 
    14,272195 
    28,115334 
    14,482217 
    14,071013 
    14,138902 
    19,052661 
    14,204832 
    14,189641 
    14,787872 
    16,549346 
    14,247895 
    14,017829 
    14,243643 
    14,504346 
    14,058534 
    14,129204 
    19,138189 
    19,094685 
    15,281573 
    14,356876 
    14,38394 
    14,036219 
    14,363901 
    14,02861 
    13,911291 
    14,854973 
    14,903841 
    13,913285 
    14,147743 
    13,997222 
    14,427821 
    40,658621 
    14,217724 
    14,167789 
    14,392492 
    19,129946 
    14,08708 
    14,231883 
    14,642675 
    14,932317 
    14,349427 
    14,168784 
    14,18114 
    14,143006 
    14,083235 
    15,091181 
    19,027551 
    20,501654 
    14,523597 
    14,506321 
    14,325234 
    14,277968 
    14,878182 
    15,269549 
    14,79335 
    13,972273 
    14,146997 
    14,028732 
    14,218399 
    14,490111 
    14,096481 
    34,443261 
    14,792884 
    15,178319 
    13,972928 
    19,086568 
    13,801469 
    14,309296 
    13,768244 
    14,3468 
    14,217169 
    14,061453 
    14,825608 
    14,224925 
    14,242974 
    14,547226 
    19,181639 
    18,956473 
    14,243528 
    14,034803 
    14,408372 
    14,421651 
    15,003462 
    14,255138 
    15,034658 
    14,57392 
    23,53858 
    13,80281 
    14,174542 
    14,225683 
    14,102267 
    28,783079 
    14,261603 
    14,187101 
    14,392761 
    18,853196 
    16,099991 
    14,195276 
    14,963843 
    16,073828 
    14,189929 
    14,145265 
    14,839953 
    14,222765 
    14,888623 
    14,377991 
    19,056352 
    19,883823 
    14,349368 
    14,296362 
    14,412673 
    14,286272 
    14,387882 
    14,297562 
    14,037619 
    14,241115 
    14,267437 
    14,050661 
    14,773618 
    14,26699 
    14,405341 
    39,833818 
    14,056315 
    14,873988 
    14,602326 
    19,001514 
    14,939143 
    14,97118 
    14,061002 
    15,184551 
    14,557664 
    15,044772 
    14,390017 
    14,197531 
    14,119201 
    14,241113 
    19,880827 
    19,876609 
    14,126913 
    14,535782 
    15,676033 
    14,127204 
    14,086982 
    14,110537 
    15,071248 
    14,128987 
    14,701761 
    14,044905 
    14,237043 
    14,528674 
    15,186148 
    28,623973 
    14,258789 
    14,238897 
    15,021763 
    19,223227 
    15,14128 
    14,445973 
    14,820136 
    14,887868 
    14,44057 
    14,028391 
    15,233585 
    14,154962 
    14,192313 
    14,18929 
    19,144287 
    18,996411 
    14,221132 
    14,188675 
    14,091902 
    14,214574 
    14,241228 
    14,582608 
    14,643183 
    15,230088 
    15,678685 
    14,334398 
    14,117118 
    14,164348 
    14,305902 
    28,155535 
    14,14833 
    14,390315 
    14,236795 
    19,03432 
    14,364019 
    14,19976 
    14,124892 
    14,135226 
    14,113267 
    14,323586 
    15,352687 
    14,475902 
    14,102549 
    14,200884 
    19,067744 
    19,252722 
    14,295569 
    14,076963 
    14,039325 
    14,13338 
    14,428823 
    14,317941 
    14,166566 
    14,176038 
    14,189311 
    14,261704 
    15,308477 
    14,330229 
    14,408395 
    28,779003 
    15,006141 
    14,35246 
    14,27169 
    18,827965 
    14,186396 
    14,176658 
    14,815854 
    14,413364 
    14,346541 
    14,140394 
    13,955485 
    14,045683 
    14,182343 
    14,243746 
    20,333805 
    19,04703 
    14,298659 
    14,082998 
    14,142428 
    14,470627 
    14,063091 
    14,237391 
    14,757988 
    14,156804 
    14,490082 
    14,155058 
    14,16268 
    14,056018 
    15,054582 
    28,81811 
    14,334581 
    14,554456 
    14,779935 
    19,112933 
    14,243424 
    14,13259 
    15,780992 
    14,279096 
    14,210973 
    13,873932 
    14,248818 
    13,996386 
    14,096126 
    14,17522 
    18,994235 
    19,12363 
    14,770128 
    14,346283 
    14,424542 
    14,285377 
    14,351142 
    14,257802 
    14,688182 
    14,829973 
    14,370863 
    13,953625 
    15,044086 
    15,026222 
    14,943077 
    28,821238 
    14,722433 
    14,075262 
    14,313221 
    18,945358 
    14,099185 
    14,918236 
    14,279357 
    18,197768 
    14,112312 
    16,095317 
    14,859039 
    14,315651 
    14,936975 
    14,14375 
    20,415081 
    18,974325 
    14,026512 
    14,124383 
    14,238179 
    14,190144 
    14,26382 
    13,939485 
    13,831538 
    14,241622 
    14,819219 
    14,084647 
    14,192078 
    15,209409 
    14,32071 
    28,619474 
    14,17545 
    14,1206 
    14,164208 
    19,024037 
    16,986269 
    14,215037 
    14,241378 
    14,338031 
    24,226969 
    14,110042 
    14,282477 
    14,759319 
    14,432618 
    14,17443 
    19,153332 
    19,063063 
    15,216076 
    14,316808 
    14,915755 
    14,410274 
    14,332359 
    14,12517 
    14,290628 
    14,396289 
    14,492923 
    14,94446 
    13,984416 
    14,836691 
    14,185355 
    28,959708 
    14,386485 
    14,784914 
    14,244948 
    19,999204 
    14,247549 
    15,172486 
    14,072856 
    14,154414 
    14,352539 
    14,226452 
    14,057644 
    14,235355 
    14,176496 
    14,118307 
    18,999536 
    19,85972 
    14,381441 
    14,026199 
    14,131828 
    14,307561 
    14,17734 
    14,856306 
    14,55542 
    14,615263 
    15,17397 
    14,264343 
    14,208501 
    14,394905 
    14,296805 
    29,98743 
    14,115783 
    14,136972 
    14,215783 
    19,273137 
    16,238809 
    14,486893 
    14,078367 
    14,435011 
    15,48325 
    15,026239 
    14,388476 
    14,349338 
    14,342555 
    14,300091 
    19,042184 
    19,212064 
    14,325817 
    14,465151 
    14,23986 
    14,435366 
    14,286159 
    14,146188 
    14,132714 
    14,382424 
    14,194109 
    14,963501 
    15,773551 
    14,931421 
    15,076292 
    28,123236 
    14,375277 
    14,32689 
    13,876874 
    19,903175 
    14,482269 
    14,011597 
    14,949149 
    14,156838 
    14,15614 
    14,512566 
    15,136537 
    14,425065 
    14,173747 
    14,236992 
    19,076304 
    18,976543 
    13,98127 
    14,496197 
    14,273304 
    13,983962 
    14,739243 
    15,891111 
    14,586206 
    14,790764 
    15,010097 
    13,992511 
    14,229746 
    14,496205 
    14,469236 
    28,725636 
    13,958321 
    15,938166 
    14,230028 
    19,015765 
    14,911569 
    14,226643 
    14,06414 
    14,152246 
    14,299859 
    13,902631 
    14,182781 
    14,205486 
    14,354628 
    14,16929 
    19,076425 
    18,983449 
    14,20681 
    15,349605 
    14,208422 
    14,221513 
    13,935398 
    14,268333 
    14,859154 
    14,599305 
    15,052628 
    14,713471 
    14,127382 
    14,350649 
    14,468241 
    41,231136 
    14,655962 
    14,02083 
    14,183443 
    19,00841 
    14,130069 
    13,917888 
    14,027266 
    15,070536 
    14,480868 
    14,029308 
    14,269071 
    14,978109 
    14,061903 
    14,303298 
    19,063925 
    18,984807 
    14,223067 
    15,519738 
    14,406273 
    14,6126 
    14,080824 
    14,188869 
    14,019728 
    14,345653 
    13,922877 
    15,329046 
    14,179226 
    16,070691 
    14,942453 
    28,878271 
    15,453219 
    14,27531 
    14,082918 
    19,148751 
    15,327771 
    14,296066 
    14,973418 
    14,283216 
    13,966035 
    13,93081 
    14,336347 
    14,486988 
    14,107671 
    14,064019 
    18,961682 
    18,829451 
    14,168119 
    14,589949 
    14,146084 
    14,157966 
    14,160788 
    14,982359 
    14,115066 
    14,192695 
    14,729834 
    14,050001 
    14,338743 
    14,230128 
    14,313145 
    39,727561 
    14,052412 
    14,08258 
    14,344492 
    19,095037 
    14,211162 
    14,671079 
    14,315726 
    14,286912 
    14,235858 
    14,093441 
    14,721374 
    14,035818 
    14,318916 
    14,228721 
    19,305171 
    19,118989 
    13,988039 
    14,463069 
    14,199601 
    14,854615 
    14,255476 
    14,10855 
    14,067738 
    15,037012 
    14,639228 
    14,131674 
    14,922221 
    14,399004 
    15,118458 
    28,869199 
    14,782636 
    14,965416 
    14,219289 
    19,190282 
    15,165021 
    14,946446 
    14,175902 
    14,292031 
    14,984101 
    15,336706 
    14,3859 
    14,205812 
    14,491072 
    14,228814 
    18,87322 
    18,941202 
    14,075626 
    14,11476 
    14,111952 
    13,760615 
    14,17154 
    14,343065 
    14,07284 
    14,397678 
    14,956157 
    14,789845 
    14,126181 
    14,263594 
    14,122065 
    29,216873 
    14,16294 
    14,165713 
    14,201273 
    20,094481 
    14,231532 
    14,015409 
    14,665763 
    14,323066 
    14,198044 
    14,079667 
    14,258875 
    14,490238 
    14,193146 
    14,737445 
    19,052104 
    19,688707 
    14,22546 
    14,268049 
    14,150389 
    14,162674 
    14,287296 
    14,251144 
    14,128848 
    15,195916 
    13,751898 
    14,023529 
    14,196617 
    15,388279 
    14,464965 
    41,566527 
    14,082861 
    14,152521 
    14,393285 
    19,001278 
    14,220205 
    14,371339 
    14,194956 
    14,217324 
    14,240332 
    14,047759 
    14,302709 
    14,176672 
    14,294403 
    15,07266 
    19,0345 
    19,205946 
    14,663105 
    14,215659 
    13,925236 
    14,587036 
    14,441825 
    14,270106 
    14,129444 
    14,933232 
    14,171816 
    14,199515 
    14,302649 
    14,24651 
    14,470729 
    29,354396 
    14,166647 
    14,968747 
    14,43045 
    18,719136 
    14,500502 
    14,059178 
    14,015954 
    14,147457 
    14,890612 
    14,170059 
    14,244397 
    14,654689 
    14,245205 
    15,43127 
    19,046271 
    19,832054 
    14,233868 
    14,130794 
    14,307706 
    14,322444 
    14,213773 
    14,331671 
    14,087837 
    14,396262 
    14,787155 
    14,85339 
    14,22456 
    15,781784 
    14,484337 
    28,76793 
    14,231006 
    14,955589 
    14,163326 
    19,091967 
    14,302214 
    14,377852 
    13,845647 
    14,278254 
    14,318909 
    14,082438 
    14,07174 
    14,459174 
    14,40048 
    14,47349 
    19,133657 
    18,928448 
    15,204218 
    14,185667 
    14,312998 
    14,618169 
    14,415221 
    14,318199 
    14,075589 
    14,525928 
    14,77998 
    14,62898 
    13,999033 
    15,124349 
    14,067612 
    42,299458 
    14,074646 
    14,322828 
    14,238827 
    18,974202 
    14,07479 
    14,034518 
    14,138517 
    14,331534 
    14,297352 
    15,022684 
    15,064248 
    14,234648 
    14,323279 
    14,400387 
    19,952373 
    19,140667 
    14,304432 
    14,146223 
    14,147421 
    14,211306 
    14,448137 
    14,154372 
    14,129953 
    14,243391 
    14,26869 
    14,109803 
    14,080441 
    14,765966 
    14,362807 
    30,696218 
    15,029738 
    14,705744 
    14,236501 
    19,041096 
    14,725091 
    14,312168 
    14,869874 
    14,151307 
    14,235783 
    14,06139 
    14,763878 
    14,486374 
    14,044239 
    14,122839 
    18,790767 
    18,839083 
    13,980482 
    14,22893 
    14,28014 
    14,198739 
    17,428828 
    14,438046 
    14,157516 
    14,157786 
    14,719596 
    14,163872 
    14,292877 
    14,270329 
    14,464032 
    28,19193 
    14,16865 
    14,131476 
    14,526082 
    18,855467 
    14,936335 
    14,183127 
    13,925357 
    13,967112 
    13,914625 
    14,073614 
    14,204655 
    14,057574 
    14,228626 
    14,444095 
    19,125169 
    19,090136 
    14,785449 
    14,829016 
    15,060852 
    14,089449 
    14,21697 
    14,390429 
    13,973348 
    14,325309 
    14,251875 
    13,967 
    14,338484 
    16,693074 
    14,166178 
    28,68575 
    14,231603 
    14,312197 
    14,278865 
    18,953588 
    14,514186 
    14,045698 
    15,228371 
    15,763683 
    14,687742 
    14,15966 
    14,085662 
    14,805193 
    14,437222 
    14,014162 
    19,088139 
    19,065023 
    14,417155 
    14,264624 
    14,433637 
    14,42024 
    13,989646 
    14,39833 
    14,112469 
    15,57428 
    14,948246 
    14,88877 
    14,263964 
    14,342793 
    15,001481 
    54,375786 
    14,134425 
    37,354913 
    14,778321 
    18,943672 
    14,283694 
    14,311895 
    15,088431 
    13,892336 
    14,22047 
    13,99019 
    14,403636 
    15,232199 
    15,325157 
    15,211785 
    19,667562 
    18,873314 
    14,139555 
    14,296965 
    14,226861 
    14,356112 
    13,989464 
    14,451252 
    14,442068 
    14,455398 
    14,85601 
    15,460555 
    14,228719 
    14,077481 
    14,144507 
    46,726325 
    14,227589 
    15,137616 
    14,113185 
    18,972744 
    14,37159 
    14,308257 
    14,060127 
    14,289563 
    14,504983 
    14,84306 
    14,443487 
    14,363289 
    14,39917 
    14,292659 
    20,015573 
    19,032333 
    14,069301 
    14,903831 
    14,362216 
    14,265543 
    14,228201 
    14,2418 
    15,593019 
    14,136781 
    14,205597 
    14,350811 
    14,478484 
    14,116941 
    14,251835 
    28,78109 
    14,162958 
    14,294159 
    14,209896 
    19,059228 
    14,129931 
    13,881689 
    14,001722 
    14,282269 
    23,426081 
    14,118009 
    15,067272 
    14,272471 
    14,069976 
    14,58883 
    19,032302 
    19,03901 
    15,503423 
    14,207022 
    14,378147 
    14,423395 
    14,311265 
    15,139715 
    14,912929 
    14,230178 
    14,210166 
    14,227552 
    14,442314 
    14,287776 
    14,289379 
    29,061983 
    14,170808 
    14,336988 
    14,285748 
    18,919718 
    14,233629 
    14,250889 
    14,970747 
    14,573223 
    14,297981 
    14,135817 
    14,729152 
    14,610932 
    14,258 
    14,130706 
    19,280159 
    18,820261 
    14,259303 
    16,799477 
    14,266041 
    15,140007 
    15,414064 
    14,104362 
    14,781963 
    14,302714 
    14,52612 
    14,577199 
    14,057306 
    14,567268 
    14,357018 
    57,354979 
    14,153914 
    14,683259 
    15,010954 
    19,330964 
    14,254397 
    14,226772 
    14,117384 
    14,367709 
    24,391895 
    14,198515 
    14,038622 
    14,331667 
    13,988284 
    14,168293 
    18,917527 
    19,092582 
    14,145408 
    14,252228 
    14,269065 
    14,228006 
    14,193475 
    45,596065 
    14,082616 
    14,32649 
    14,320269 
    15,223627 
    14,07005 
    14,010055 
    14,955947 
    31,781216 
    14,428617 
    14,119679 
    14,235145 
    19,085908 
    15,505155 
    27,529294 
    13,876899 
    14,116985 
    14,194968 
    14,047901 
    14,157543 
    14,89498 
    14,178402 
    14,123908 
    20,227016 
    19,739738 
    14,281136 
    15,235085 
    14,269357 
    14,147578 
    14,867804 
    14,229344 
    14,738569 
    14,511794 
    14,914232 
    14,98198 
    14,316145 
    14,209121 
    14,42163 
    29,203909 
    15,398621 
    13,838584 
    16,483866 
    18,978605 
    14,493014 
    14,137183 
    15,293444 
    14,06029 
    14,17658 
    13,797205 
    14,287707 
    14,331953 
    14,370442 
    14,017079 
    19,078622 
    19,121278 
    15,393909 
    15,251729 
    14,154667 
    14,225904 
    14,150145 
    14,25945 
    15,006748 
    14,778183 
    15,048814 
    15,131863 
    14,159784 
    14,207126 
    14,366374 
    47,572844 
    14,26896 
    15,003433 
    15,129344 
    18,803313 
    14,702671 
    14,324893 
    14,029465 
    14,132428 
    15,416954 
    14,225225 
    14,073799 
    14,452582 
    14,287088 
    14,272659 
    20,288709 
    18,986376 
    14,207862 
    14,212387 
    14,272852 
    14,064331 
    14,409307 
    14,142289 
    13,960672 
    14,270834 
    14,144109 
    14,173368 
    14,450511 
    14,455816 
    14,256039 
    28,729411 
    13,945202 
    31,638685 
    14,037522 
    19,164938 
    16,434012 
    14,316522 
    14,929977 
    15,484592 
    13,922666 
    38,617256 
    14,474249 
    14,051437 
    14,879787 
    15,754834 
    18,892239 
    20,055417 
    14,422217 
    14,163782 
    14,350024 
    14,289103 
    14,10835 
    14,656735 
    14,462221 
    14,128498 
    14,702888 
    15,034818 
    14,524294 
    15,013013 
    14,033675 
    28,791545 
    14,065911 
    14,114472 
    14,285174 
    18,939197 
    14,452602 
    14,984809 
    14,374552 
    14,287338 
    14,263083 
    14,347455 
    15,790122 
    14,076819 
    14,025452 
    14,2392 
    20,52218 
    18,956827 
    14,442925 
    14,295306 
    14,233339 
    13,839603 
    15,926897 
    14,000034 
    14,902843 
    14,207386 
    14,303334 
    14,138192 
    15,651788 
    14,290339 
    14,391495 
    28,844095 
    14,224414 
    15,7346 
    14,98917 
    18,836328 
    14,444248 
    15,032164 
    14,948574 
    14,369148 
    15,297698 
    14,107167 
    14,146654 
    16,493569 
    14,512369 
    14,15501 
    18,888374 
    18,995267 
    14,577119 
    14,385231 
    14,21371 
    14,086393 
    14,002439 
    14,94459 
    14,793836 
    14,206568 
    14,993104 
    14,813229 
    14,027549 
    14,230218 
    14,282267 
    46,537039 
    14,143417 
    13,836323 
    14,900253 
    19,223215 
    14,275838 
    14,21014 
    14,826096 
    14,066203 
    13,764727 
    18,587305 
    14,137419 
    14,844005 
    14,664476 
    14,277584 
    20,156276 
    18,678318 
    14,1687 
    14,505002 
    14,407398 
    13,990439 
    14,080573 
    23,018042 
    13,791505 
    14,160426 
    14,198186 
    23,845639 
    14,107922 
    14,160281 
    14,20568 
    29,56737 
    14,635766 
    15,281705 
    15,196936 
    18,790798 
    14,570203 
    13,959376 
    14,33666 
    14,228372 
    14,185175 
    14,898802 
    14,419246 
    14,147579 
    14,076169 
    14,355579 
    19,123987 
    19,037023 
    14,084675 
    15,45559 
    14,395397 
    15,133658 
    14,691436 
    14,040421 
    13,977738 
    14,766259 
    14,512877 
    13,896891 
    14,332909 
    14,325169 
    15,185452 
    28,616444 
    14,240414 
    14,253264 
    14,899619 
    18,953877 
    14,311998 
    13,971635 
    14,615244 
    15,073276 
    14,284365 
    14,155276 
    14,187102 
    14,104859 
    14,049423 
    14,166032 
    18,855704 
    19,230709 
    14,973515 
    15,828895 
    14,164937 
    14,14188 
    14,17449 
    14,361847 
    14,049554 
    14,482519 
    15,071181 
    15,059874 
    14,302872 
    14,997309 
    15,399053 
    62,048243 
    13,883263 
    14,59174 
    14,217878 
    18,941592 
    14,368328 
    14,186345 
    14,607941 
    14,063342 
    14,253123 
    14,3913 
    14,293252 
    14,163143 
    14,267154 
    13,964989 
    18,91427 
    20,390947 
    15,313959 
    14,049061 
    13,907432 
    15,389495 
    15,193729 
    15,16733 
    14,045198 
    13,877807 
    14,462414 
    15,040725 
    14,011678 
    14,366402 
    14,082394 
    41,897307 
    14,268663 
    14,411289 
    15,381989 
    19,021477 
    14,877982 
    14,13656 
    14,811767 
    14,239967 
    14,139605 
    14,013673 
    14,493835 
    14,306519 
    14,066301 
    14,250853 
    19,10966 
    18,950228 
    15,45415 
    14,307061 
    14,230974 
    15,110346 
    14,0632 
    28,174211 
    14,776391 
    14,627534 
    14,575705 
    44,98555 
    14,259834 
    14,32301 
    14,198572 
    48,164014 
    14,592317 
    14,278901 
    14,180629 
    19,042404 
    14,942221 
    15,423384 
    14,046093 
    14,254581 
    14,283611 
    14,865715 
    14,126041 
    14,256741 
    14,081186 
    14,221824 
    19,006368 
    18,934623 
    14,363036 
    14,205287 
    14,224106 
    14,208437 
    14,306914 
    14,878795 
    14,096237 
    14,112102 
    14,175178 
    14,504596 
    16,016908 
    14,55443 
    14,281638 
    28,819695 
    14,230526 
    14,147438 
    14,210247 
    19,110754 
    14,997905 
    25,553885 
    14,102837 
    14,410944 
    22,669077 
    14,003777 
    14,145508 
    14,066188 
    14,468032 
    14,236775 
    18,806162 
    20,438498 
    14,38629 
    14,021988 
    15,682421 
    14,143487 
    14,267281 
    14,903083 
    14,942843 
    14,246356 
    14,270593 
    16,884235 
    14,20875 
    14,413559 
    13,838631 
    29,579053 
    14,133053 
    14,702969 
    14,284049 
    19,822495 
    14,910795 
    15,266956 
    13,894873 
    14,210166 
    53,340086 
    14,711301 
    14,876878 
    14,396692 
    14,270734 
    14,272613 
    18,993914 
    18,812488 
    14,356958 
    14,126469 
    17,190834 
    14,177717 
    14,349418 
    14,511483 
    14,173776 
    14,123905 
    14,292481 
    14,827286 
    14,050202 
    15,431084 
    14,552207 
    28,777189 
    15,000287 
    14,230378 
    31,523172 
    19,122682 
    14,090875 
    14,222749 
    14,060214 
    14,154676 
    14,244523 
    14,179452 
    14,262142 
    14,259944 
    14,268246 
    14,212148 
    19,128682 
    18,989408 
    14,246562 
    14,249036 
    14,094429 
    14,232391 
    14,215378 
    14,204334 
    14,129634 
    14,303809 
    14,218294 
    14,17349 
    15,430597 
    14,332683 
    14,263955 
    44,02789 
    14,944023 
    16,167235 
    14,140275 
    20,019529 
    16,854909 
    15,41501 
    14,049531 
    14,93795 
    14,224345 
    14,084603 
    14,28585 
    14,106793 
    14,149086 
    13,986559 
    19,060156 
    18,950051 
    14,189328 
    14,415664 
    14,488473 
    14,832535 
    14,283678 
    14,184449 
    15,097142 
    14,873998 
    14,223022 
    14,041523 
    15,363991 
    14,25254 
    14,225481 
    59,137692 
    14,016922 
    14,266367 
    22,196984 
    19,088914 
    14,456221 
    22,148616 
    14,707687 
    14,267777 
    14,471116 
    15,759822 
    14,192712 
    38,802294 
    14,151292 
    14,421604 
    19,156743 
    19,010837 
    14,200214 
    14,186371 
    14,272063 
    15,692182 
    14,92985 
    15,033715 
    13,892371 
    14,710039 
    14,404428 
    14,073344 
    14,202868 
    14,618377 
    14,96664 
    29,187155 
    14,408962 
    14,924881 
    14,245257 
    19,031491 
    14,445376 
    14,239427 
    14,868217 
    22,92959 
    15,06181 
    14,026077 
    14,237095 
    15,326616 
    14,069129 
    15,00996 
    18,836708 
    20,107308 
    14,152858 
    17,273482 
    14,299189 
    14,147464 
    14,07461 
    13,989525 
    14,232618 
    14,180789 
    14,142548 
    15,027673 
    15,229185 
    18,716689 
    14,383296 
    40,408013 
    14,349252 
    14,867295 
    14,251711 
    19,143115 
    14,520684 
    13,799883 
    14,458823 
    14,080503 
    14,211389 
    14,747248 
    14,300801 
    14,486619 
    14,308897 
    14,901876 
    19,080292 
    19,302676 
    14,960897 
    15,106761 
    14,085035 
    14,213581 
    14,200276 
    15,07782 
    14,293223 
    14,875739 
    15,205237 
    14,136021 
    34,875857 
    14,078378 
    14,123232 
    29,55243 
    14,083924 
    30,959769 
    14,239662 
    18,999066 
    14,253124 
    14,14993 
    14,831579 
    14,068358 
    15,046754 
    14,990007 
    14,900796 
    14,196068 
    14,209729 
    14,211754 
    19,190067 
    19,085758 
    14,357696 
    14,273695 
    14,254761 
    14,180716 
    14,332809 
    14,293013 
    16,203914 
    14,307003 
    15,93585 
    14,6761 
    14,407778 
    14,286146 
    14,542563 
    29,536943 
    14,278664 
    14,757482 
    14,138989 
    19,00232 
    14,054544 
    14,305086 
    15,134872 
    14,97616 
    14,146905 
    15,042093 
    14,271131 
    14,272578 
    14,484752 
    14,24863 
    20,12886 
    19,048218 
    14,44612 
    14,389921 
    14,794378 
    14,327629 
    14,335466 
    14,272205 
    14,70228 
    41,452922 
    15,442697 
    14,614066 
    28,461304 
    14,282201 
    36,341994 
    60,896573 
    14,829458 
    15,176776 
    14,59317 
    18,998205 
    14,23319 
    14,575214 
    14,862367 
    15,220954 
    14,444581 
    14,951997 
    14,42306 
    14,338891 
    15,343202 
    25,424713 
    19,856314 
    19,01339 
    15,183991 
    14,224284 
    14,294914 
    23,73348 
    28,920294 
    14,574339 
    14,072386 
    14,546676 
    15,320547 
    14,25844 
    15,019215 
    15,738998 
    14,108321 
    49,902074 
    14,447914 
    14,287137 
    14,525496 
    19,341646 
    14,217589 
    15,176348 
    14,083791 
    14,158287 
    14,077171 
    15,325242 
    14,301811 
    14,274727 
    15,716223 
    14,35651 
    19,109047 
    19,118908 
    29,982867 
    14,217767 
    14,298915 
    14,843119 
    15,751823 
    14,216633 
    14,186341 
    14,90071 
    14,286305 
    14,735526 
    14,962087 
    14,628117 
    14,340172 
    42,051952 
    43,645361 
    14,317393 
    14,127914 
    18,859931 
    14,916665 
    14,764936 
    14,152672 
    14,038221 
    14,288194 
    22,724199 
    14,932127 
    13,962063 
    14,040456 
    17,088198 
    19,064278 
    18,781753 
    14,698652 
    14,2652 
    17,021731 
    14,076011 
    14,717136 
    14,201167 
    14,083461 
    14,402504 
    14,057227 
    14,597567 
    14,004968 
    14,20794 
    14,391699 
    51,615129 
    36,38501 
    14,054439 
    14,133057 
    18,898712 
    14,21993 
    14,54477 
    14,869071 
    14,183268 
    14,480664 
    15,070442 
    16,218428 
    15,00316 
    14,133638 
    15,017306 
    19,052095 
    19,098443 
    14,26673 
    24,136888 
    14,200108 
    14,238377 
    14,129676 
    14,686817 
    14,682454 
    14,131902 
    14,57763 
    28,564682 
    14,240781 
    14,419324 
    15,107134 
    62,776118 
    29,643705 
    14,17279 
    14,024438 
    20,137917 
    30,361004 
    14,308547 
    14,687156 
    14,260492 
    14,192176 
    14,108822 
    14,204777 
    14,110042 
    14,54538 
    14,515322 
    19,09278 
    19,03432 
    14,846224 
    14,094534 
    14,192669 
    14,024796 
    15,659199 
    25,60033 
    14,171787 
    14,249597 
    14,770144 
    14,184636 
    14,216545 
    14,237997 
    14,259607 
    29,118926 
    31,06861 
    14,139169 
    14,316626 
    18,907608 
    29,592435 
    14,326505 
    14,133002 
    17,212148 
    14,629507 
    14,146882 
    15,448896 
    15,538909 
    14,222117 
    27,090287 
    19,287942 
    19,142596 
    13,994133 
    35,855727 
    15,015361 
    14,861143 
    14,38514 
    14,277271 
    14,858146 
    14,294673 
    15,558795 
    14,352332 
    14,288129 
    14,384371 
    14,425224 
    35,100121 
    14,113906 
    14,826364 
    14,20909 
    19,128636 
    14,261017 
    32,130472 
    14,851427 
    35,018076 
    14,286249 
    45,478532 
    14,17715 
    14,289885 
    14,541725 
    14,69034 
    19,028339 
    19,104746 
    14,351541 
    15,502229 
    15,329934 
    15,34243 
    40,370911 
    16,395456 
    14,151261 
    14,645182 
    15,007498 
    13,967044 
    41,664343 
    35,178718 
    14,951228 
    29,23408 
    14,237539 
    23,879235 
    14,338897 
    19,056799 
    14,737309 
    14,969345 
    15,065629 
    14,356954 
    15,231047 
    14,638096 
    15,672029 
    14,282369 
    16,181698 
    27,421343 
    19,147361 
    19,107512 
    48,229285 
    14,626348 
    14,167498 
    14,273401 
    14,848808 
    14,367846 
    26,500675 
    14,324056 
    14,898287 
    15,250752 
    14,09751 
    15,512251 
    14,072903 
    41,236553 
    14,148751 
    14,320666 
    14,223804 
    19,130836 
    30,05881 
    15,121147 
    24,457674 
    14,932441 
    30,784701 
    14,129596 
    15,799983 
    14,279722 
    14,117667 
    14,831366 
    19,092737 
    19,106248 
    14,919783 
    14,207278 
    14,053167 
    14,394454 
    15,633532 
    14,169044 
    14,148139 
    14,455298 
    14,411803 
    14,730261 
    14,296369 
    14,209296 
    16,131309 
    35,585564 
    33,790007 
    14,528625 
    14,402319 
    19,051955 
    14,330708 
    14,133585 
    14,170293 
    28,337882 
    14,184393 
    14,05918 
    14,171941 
    26,029629 
    30,883895 
    15,111713 
    19,094642 
    18,952766 
    14,547087 
    14,316943 
    14,701417 
    14,869094 
    14,369312 
    14,297782 
    14,072903 
    14,768811 
    15,154455 
    14,909434 
    14,313677 
    14,276228 
    14,622942 
    61,580177 
    16,143061 
    14,644414 
    16,024384 
    18,796814 
    14,286014 
    14,00272 
    14,054491 
    14,283969 
    24,988536 
    14,479224 
    14,106489 
    14,275185 
    14,041554 
    14,346906 
    18,981567 
    20,299863 
    14,191241 
    14,820443 
    14,449745 
    14,344798 
    14,408522 
    15,187094 
    15,132088 
    14,333266 
    14,154051 
    14,216315 
    14,241623 
    14,394554 
    14,619044 
    36,201705 
    14,460651 
    14,360249 
    15,063966 
    18,96172 
    14,235374 
    14,08816 
    15,555217 
    14,210092 
    14,333069 
    14,041974 
    14,241294 
    14,752181 
    14,082544 
    14,187564 
    19,005262 
    18,92565 
    14,207144 
    14,359099 
    53,00981 
    14,219334 
    15,437653 
    27,743736 
    30,217604 
    15,398073 
    40,509296 
    15,108992 
    16,938741 
    14,269597 
    14,298429 
    29,454837 
    14,330127 
    14,270664 
    15,176775 
    18,972065 
    14,499682 
    14,334722 
    29,888515 
    14,274776 
    14,522356 
    14,727508 
    14,248579 
    15,220637 
    15,149597 
    14,183366 
    19,926132 
    19,028998 
    41,584782 
    14,36302 
    14,064434 
    14,203959 
    15,13052 
    14,160356 
    45,749613 
    26,786307 
    14,22539 
    14,099826 
    14,096512 
    14,257915 
    14,10743 
 node-slug: 
 node-stream-spigot: 
33,39508 
34,1896 
33,427585 
33,270312 
33,917549 
34,47042 
33,529343 
33,481984 
34,081437 
33,787233 
34,610153 
33,213243 
34,289268 
33,646508 
34,287349 
33,101062 
34,169754 
33,538896 
34,312044 
33,448671 
34,082318 
33,921793 
34,240129 
34,674104 
34,027719 
35,482478 
34,655827 
34,081217 
34,186103 
33,185082 
33,972889 
33,798405 
34,412372 
33,336746 
34,409823 
33,828581 
34,676249 
34,375942 
33,508228 
33,370843 
33,382017 
34,125423 
34,484593 
34,248251 
34,293406 
33,956682 
33,782209 
34,861739 
35,229108 
33,544918 
34,169446 
33,005954 
34,629734 
35,505217 
34,28096 
35,410612 
34,532254 
33,97672 
34,111946 
33,886335 
33,980327 
34,156246 
34,066289 
34,672279 
34,871276 
34,06537 
33,676378 
34,641892 
34,612008 
34,5642 
33,834915 
33,918188 
33,218678 
33,827426 
33,740185 
34,160896 
33,586383 
35,688554 
34,29084 
33,335728 
34,909513 
34,040829 
34,15655 
33,966764 
34,205259 
34,195157 
33,525001 
34,290375 
33,676196 
33,263178 
33,299882 
33,957928 
33,186162 
34,195112 
33,906563 
34,250595 
33,241516 
34,28121 
33,748256 
33,390667 
33,923411 
 normalize-pkg: 
245,086657 
240,36178 
240,707764 
249,799365 
244,140356 
243,523863 
236,968343 
248,19061 
243,050358 
251,793615 
233,477457 
236,231959 
244,051061 
249,500692 
235,280488 
239,396559 
240,288946 
234,436102 
233,543426 
244,431665 
242,802161 
242,278351 
253,511825 
237,660383 
242,348619 
244,122696 
250,705152 
255,049853 
243,906321 
261,014618 
245,625841 
245,629047 
239,548679 
247,647171 
242,480951 
240,365316 
233,895781 
242,352899 
240,619744 
243,402418 
240,343732 
242,859453 
245,869188 
241,604062 
246,261134 
239,414001 
253,560973 
249,241813 
243,205816 
241,735394 
229,672599 
238,747961 
248,35189 
246,383939 
249,903919 
245,704012 
248,914051 
250,775883 
244,837102 
245,406753 
243,191844 
235,436445 
250,192225 
238,540082 
252,406493 
232,84565 
244,100959 
237,990151 
243,000029 
242,466128 
246,490283 
239,134501 
244,610135 
247,284129 
235,084277 
240,131843 
254,959912 
245,329718 
243,549418 
242,681443 
238,937647 
247,139284 
241,997862 
245,267607 
244,597017 
249,415155 
238,962807 
233,695945 
259,451475 
236,633424 
230,121136 
249,494769 
252,076879 
239,218324 
243,482725 
246,384214 
247,340846 
243,853632 
249,525024 
246,069024 
257,159248 
 not-defined: 
23,31436 
23,915335 
23,997388 
23,970302 
23,977614 
24,03037 
24,072353 
24,646289 
23,75373 
23,791705 
23,924938 
24,04374 
23,769838 
24,08152 
23,661302 
24,02427 
23,887314 
24,100864 
24,464421 
23,836057 
24,050197 
23,690109 
24,410273 
24,040487 
24,107667 
24,50611 
23,759163 
23,731168 
24,061913 
23,832731 
23,982493 
23,635175 
24,083923 
24,404304 
23,869437 
24,008202 
23,999332 
23,53915 
24,112257 
23,695313 
24,22355 
24,233583 
24,053313 
23,938766 
23,904409 
24,10269 
24,03965 
24,302074 
23,875071 
24,255174 
23,938637 
23,809339 
24,388724 
23,987448 
24,134696 
23,897 
24,00885 
23,924586 
23,94779 
24,143981 
23,733515 
24,058331 
23,815698 
24,359267 
25,076277 
23,969865 
23,86458 
23,937092 
23,818567 
24,102705 
24,053281 
24,134259 
23,964389 
23,990932 
24,381312 
23,912295 
23,583413 
24,089895 
24,576414 
24,803053 
23,503667 
24,250907 
24,095898 
24,232274 
24,087097 
24,158627 
23,863063 
24,607359 
23,363958 
23,62081 
24,063875 
23,707561 
23,851109 
24,192892 
24,164603 
24,128633 
23,712491 
24,022787 
24,160961 
24,330106 
23,684022 
 once: 
    300,009914 
    315,223826 
    299,354545 
    300,555661 
    295,532338 
    302,269835 
    304,330216 
    303,773013 
    298,007354 
    303,063785 
    318,186117 
    310,574623 
    311,472235 
    304,764413 
    307,987365 
    302,372773 
    302,047008 
    307,52939 
    301,274548 
    292,904839 
    305,747381 
    294,134961 
    300,130705 
    299,99253 
    299,4718 
    302,6736 
    309,348302 
    303,160618 
    299,631482 
    301,454671 
    309,751788 
    304,588081 
    304,152298 
    309,930599 
    303,130967 
    293,823386 
    297,722522 
    304,12207 
    297,636466 
    293,193851 
    315,448182 
    297,083869 
    309,121013 
    301,58881 
    302,821468 
    300,638276 
    314,838555 
    294,872919 
    297,136848 
    300,002369 
    305,458298 
    300,008522 
    307,285539 
    297,863063 
    304,392724 
    301,126449 
    300,641231 
    306,409079 
    300,323875 
    299,250353 
    291,864662 
    305,002213 
    306,145422 
    298,007974 
    305,610524 
    299,780342 
    299,121643 
    305,928439 
    317,440101 
    308,894289 
    294,759556 
    309,245864 
    292,619644 
    310,314443 
    308,50942 
    319,268492 
    308,456308 
    312,898393 
    301,055287 
    304,255815 
    305,087634 
    285,334673 
    316,406969 
    302,044865 
    317,914515 
    299,63214 
    308,240016 
    305,168553 
    307,203998 
    304,492644 
    314,339884 
    305,347896 
    305,868132 
    304,228004 
    307,764595 
    327,894201 
    305,578889 
    302,287831 
    294,497312 
    303,275269 
    300,288228 
 pad-left: 
36,783644 
38,362716 
36,554262 
36,853036 
37,00626 
36,618687 
36,705134 
37,171508 
37,273822 
36,955515 
36,712337 
36,993898 
36,762456 
36,723792 
36,679921 
37,12109 
36,722605 
36,333733 
36,928641 
37,074674 
36,921906 
36,798622 
37,161474 
37,083833 
37,040541 
36,705689 
36,81661 
37,025405 
36,589597 
37,040448 
36,878513 
37,32786 
37,249548 
37,668869 
37,000082 
36,576046 
36,870138 
36,776637 
36,625172 
37,326405 
36,620663 
36,579917 
36,596285 
37,045362 
36,517021 
37,108427 
36,511631 
36,487833 
36,69821 
37,281645 
37,02531 
36,938584 
37,035782 
37,291965 
36,578477 
36,966786 
36,407204 
37,048665 
36,795578 
36,743579 
36,235208 
36,934235 
36,78299 
36,542158 
36,985981 
36,762863 
37,445243 
36,479172 
36,634291 
37,017001 
36,706645 
36,975717 
36,874699 
36,686858 
36,709431 
37,019786 
36,443766 
36,499266 
36,432363 
37,267616 
36,919485 
36,610554 
36,461104 
37,057721 
36,593511 
36,816104 
36,236674 
37,037561 
36,825477 
36,811386 
36,812259 
36,641967 
36,925637 
36,854637 
36,453961 
37,627118 
36,836545 
37,009396 
36,478918 
36,988933 
36,278487 
 pad-left-simple: 
37,05328 
37,278397 
36,283818 
36,420649 
36,086106 
37,08966 
36,827157 
36,523972 
40,867202 
36,148058 
36,665315 
44,679648 
36,665677 
35,745111 
36,36002 
36,657393 
37,911787 
37,85347 
39,096279 
36,220192 
36,04232 
37,302376 
42,651623 
35,95512 
36,961875 
36,620447 
36,863081 
36,621571 
41,022312 
36,647802 
36,90724 
44,020141 
38,07873 
36,780412 
36,596128 
36,114659 
38,151313 
36,507022 
37,393778 
36,320524 
37,508968 
36,886847 
36,418083 
36,637182 
36,467355 
37,067397 
41,685626 
36,576025 
37,544817 
35,978482 
38,012829 
36,367149 
37,437824 
36,730567 
37,880381 
37,608666 
36,759059 
36,467514 
36,44125 
36,726047 
36,462512 
38,187687 
37,158232 
36,698324 
36,870119 
37,425847 
36,848904 
36,715747 
40,869076 
40,553476 
36,712272 
36,84965 
36,530458 
37,73713 
43,735917 
37,490154 
36,235891 
42,107167 
37,965417 
36,265336 
36,68864 
38,182576 
37,431069 
36,969421 
36,57795 
37,293214 
36,634029 
36,582302 
36,760032 
37,654505 
39,061249 
36,626063 
36,5737 
37,632137 
36,761225 
43,952373 
36,945451 
37,864477 
37,543376 
37,198302 
36,309889 
 parse-next-json-value: 
130,812986 
144,957601 
133,66183 
137,304017 
140,6657 
143,398553 
141,825309 
134,312912 
145,321398 
138,367044 
142,188044 
142,068838 
142,16038 
136,422608 
137,435473 
138,088642 
137,709799 
140,067603 
135,375015 
138,128264 
137,22551 
140,56301 
145,99441 
142,660548 
137,434266 
140,48839 
137,100214 
142,666019 
134,363004 
139,369553 
135,872001 
139,287617 
136,422054 
134,538022 
136,632657 
136,028508 
136,752728 
139,560895 
141,194251 
136,094522 
143,790253 
138,401715 
134,857232 
140,219088 
137,665272 
138,711265 
135,875079 
138,397309 
136,660752 
141,73715 
137,346544 
138,070877 
141,5707 
136,814152 
138,237492 
137,28631 
138,851746 
136,758358 
140,173892 
136,715939 
144,560459 
137,968627 
138,527697 
136,463777 
143,99021 
144,586743 
140,354524 
138,602047 
136,206384 
142,012957 
137,915328 
136,692327 
135,306196 
139,435144 
135,735406 
138,648436 
145,185598 
136,505821 
140,436495 
137,710855 
136,134817 
136,087333 
139,261072 
138,82637 
145,430213 
136,995693 
138,910491 
135,045231 
140,768988 
140,750509 
136,314682 
145,477211 
144,602456 
140,477688 
141,723687 
136,690191 
142,484505 
142,878821 
142,014193 
143,88374 
141,864248 
 periods: 
25,034914 
25,005663 
24,91646 
24,907073 
25,399705 
25,040238 
24,924265 
25,31633 
25,192134 
25,344607 
25,226608 
24,855589 
24,692375 
24,878492 
25,428802 
25,241949 
24,987924 
25,171553 
24,878303 
25,374834 
25,248754 
25,457905 
25,28005 
24,976659 
25,041602 
25,583184 
24,787614 
25,191899 
25,669615 
25,492807 
25,218401 
25,238432 
24,922979 
25,277581 
25,200267 
25,442311 
25,435698 
25,035654 
24,774263 
25,119071 
24,806637 
25,090795 
25,175727 
25,042873 
25,002996 
25,579239 
24,882803 
25,066925 
25,447705 
25,055969 
25,356991 
25,319482 
24,92829 
25,35447 
24,841785 
25,216224 
25,032475 
24,660573 
25,190723 
25,110721 
25,087086 
25,031009 
24,889213 
24,916 
25,252351 
24,700617 
25,908446 
25,450315 
25,187373 
24,830884 
25,2613 
25,521784 
24,730633 
25,10077 
25,360909 
24,964063 
25,513687 
25,152865 
25,129478 
25,035796 
25,131498 
25,32827 
25,041598 
24,800311 
25,515635 
25,275031 
25,138369 
25,578745 
24,888895 
25,430128 
24,950094 
25,177621 
24,821172 
25,127684 
24,914146 
25,246533 
25,490368 
25,442586 
24,956786 
25,693281 
25,769692 
 property-validator: 
284,640531 
289,008421 
287,829786 
281,936222 
285,811278 
286,837333 
288,004698 
291,797537 
300,746867 
289,067795 
285,780867 
284,616316 
283,854102 
285,949336 
284,969089 
284,142643 
286,068187 
283,989944 
290,539889 
292,33292 
291,758925 
291,014551 
283,637804 
286,196489 
286,101382 
286,856416 
287,892757 
283,699386 
285,35619 
287,857247 
286,257964 
285,708292 
285,546138 
287,535188 
287,813971 
284,173205 
285,134548 
284,91839 
284,138247 
286,471901 
286,84677 
282,501364 
286,471209 
283,83003 
284,470449 
285,409278 
287,504012 
285,836967 
284,2193 
286,290992 
288,50536 
284,870129 
286,105533 
283,411298 
282,602478 
286,595443 
283,257294 
289,471046 
289,121779 
289,218687 
286,265163 
283,981244 
289,6822 
284,490348 
284,088799 
287,626064 
285,330775 
282,46434 
282,984779 
285,21248 
284,3965 
286,998763 
285,911549 
287,637394 
283,452247 
287,063813 
284,283192 
285,128664 
282,051768 
280,982988 
290,675613 
285,082035 
283,880414 
289,603928 
285,908281 
285,03712 
288,763768 
285,239624 
285,279258 
283,88017 
283,658327 
285,083828 
285,938051 
289,391929 
286,034483 
283,138109 
285,663218 
287,141044 
288,424253 
284,585479 
284,53193 
 rimraf: 
    17,236017 
    16,362986 
    13,621497 
    13,731897 
    16,499061 
    13,714475 
    13,759475 
    16,335822 
    13,722954 
    13,617087 
    16,522741 
    13,734859 
    13,764961 
    16,563666 
    13,731914 
    13,968965 
    16,543737 
    13,749909 
    13,832273 
    16,443691 
    13,753499 
    13,730712 
    16,372499 
    13,645942 
    13,666718 
    16,488804 
    13,732936 
    13,708814 
    16,493625 
    13,749309 
    13,798328 
    16,453782 
    13,792754 
    13,761819 
    16,467152 
    13,737145 
    13,765223 
    16,514235 
    13,712523 
    13,745059 
    16,700492 
    13,641889 
    13,695109 
    16,465114 
    13,72228 
    13,733819 
    16,498915 
    13,747486 
    13,706593 
    16,458536 
    13,695072 
    13,791293 
    16,527461 
    13,747747 
    13,76531 
    16,459797 
    13,786514 
    13,724373 
    16,449983 
    13,744028 
    13,730804 
    16,326765 
    13,648985 
    13,691449 
    16,433142 
    13,63768 
    13,72993 
    16,448395 
    13,743722 
    13,809294 
    16,324443 
    13,603127 
    13,725204 
    16,531442 
    13,704936 
    13,803666 
    16,392196 
    13,853898 
    13,826126 
    16,461821 
    13,609514 
    13,769622 
    16,382416 
    13,689204 
    13,76653 
    16,341256 
    13,694209 
    13,830097 
    16,500815 
    13,786473 
    13,678953 
    16,535538 
    13,668061 
    13,823107 
    16,345138 
    13,718216 
    13,738218 
    16,372738 
    13,703394 
    13,788212 
    16,401104 
    13,679508 
    13,799274 
    16,44731 
    13,596596 
    13,626934 
    16,357793 
    13,702852 
    13,652192 
    16,490156 
    13,720837 
    13,75584 
    16,384898 
    13,693461 
    13,799772 
    16,515 
    13,697711 
    13,708052 
    16,533704 
    13,684874 
    13,706889 
    16,484992 
    13,661082 
    13,748226 
    16,428424 
    13,730815 
    13,77027 
    16,518094 
    13,786894 
    13,699823 
    16,423405 
    13,704864 
    13,778714 
    16,607107 
    13,644203 
    13,823112 
    16,552111 
    13,754849 
    13,80387 
    16,404351 
    13,732417 
    13,749649 
    16,328784 
    13,640522 
    13,658282 
    16,404017 
    13,631142 
    13,734959 
    16,428568 
    13,678402 
    13,704118 
    16,479903 
    13,730573 
    13,643972 
    16,465613 
    13,724859 
    13,806776 
    16,360453 
    13,597204 
    13,778927 
    16,691117 
    13,764819 
    13,83788 
    16,553696 
    13,704941 
    13,765254 
    16,358128 
    13,711689 
    13,763812 
    16,37097 
    13,633362 
    13,809255 
    16,389087 
    13,609758 
    13,732066 
    16,517093 
    13,729541 
    13,712372 
    16,531463 
    13,710754 
    13,766356 
    16,414851 
    13,679788 
    13,765078 
    16,491459 
    13,723974 
    13,732042 
    16,508228 
    13,772064 
    13,75704 
    16,460142 
    13,720655 
    13,838886 
    16,492275 
    13,743794 
    13,785847 
    16,424121 
    13,628688 
    13,807348 
    16,417617 
    13,647244 
    13,773257 
    16,357517 
    13,653051 
    13,802225 
    16,418805 
    13,826257 
    13,76706 
    16,473569 
    13,749269 
    13,761998 
    16,555921 
    13,738561 
    13,74804 
    16,514133 
    13,693124 
    13,725986 
    16,557401 
    13,863263 
    13,711478 
    16,395434 
    13,594883 
    13,779894 
    16,485081 
    13,746055 
    13,642246 
    16,415331 
    13,696325 
    13,6549 
    16,486352 
    13,715578 
    13,833129 
    16,481263 
    13,641475 
    13,710428 
    16,38825 
    13,659896 
    13,753056 
    16,388826 
    13,70368 
    13,802672 
    16,400085 
    13,657447 
    13,749738 
    16,348066 
    13,666794 
    13,735186 
    16,503755 
    13,703884 
    13,758307 
    16,557604 
    13,677488 
    13,61421 
    16,415351 
    13,73159 
    13,821042 
    16,579521 
    13,77068 
    13,914896 
    16,42296 
    13,662513 
    13,823158 
    16,455844 
    13,668992 
    13,747202 
    16,491922 
    13,703624 
    13,729327 
    16,592512 
    13,713412 
    13,73435 
    16,301298 
    13,629939 
    13,712531 
    16,478551 
    13,649209 
    13,781625 
    16,360074 
    13,687234 
    13,679163 
    16,487627 
    13,698945 
    13,753614 
    16,359529 
    13,646639 
    13,756393 
    16,418307 
    13,62372 
    13,777788 
    16,456193 
    13,76316 
    13,716489 
    16,530302 
    13,662585 
    13,728397 
    16,407987 
    13,653655 
    13,74362 
    16,467478 
    13,735393 
    13,688096 
    16,405556 
    13,638461 
 rtrim: 
55,379128 
64,879955 
56,68177 
58,57592 
58,389081 
59,215666 
59,540563 
59,073486 
60,121945 
57,086559 
56,010702 
58,179898 
56,475103 
59,727027 
58,179259 
58,211581 
57,206395 
66,027364 
57,986141 
57,946272 
59,410222 
57,220442 
59,151036 
60,055056 
60,631361 
60,191083 
60,316288 
58,020234 
58,144567 
59,990097 
59,066 
59,693325 
59,952071 
59,482441 
56,606594 
59,713901 
57,298404 
59,301373 
60,611441 
57,521397 
59,007682 
58,506754 
65,868593 
56,25929 
59,418628 
56,331692 
58,997605 
58,54 
59,579115 
66,252782 
58,374269 
64,117764 
58,276398 
58,633833 
66,788617 
65,773063 
58,037534 
64,135434 
60,29617 
58,117979 
59,094373 
63,702178 
57,611254 
65,96575 
59,491911 
59,412545 
60,332726 
58,092564 
57,520053 
58,922884 
57,798605 
57,046738 
58,74179 
59,532092 
58,740947 
59,501441 
58,761454 
60,129038 
59,123981 
59,120422 
57,5601 
58,433231 
58,154645 
57,397866 
59,737244 
60,838265 
59,352167 
57,404058 
65,47161 
58,738986 
58,236068 
58,688075 
59,966833 
59,389757 
60,39618 
59,500422 
59,03641 
57,95673 
57,903809 
59,823499 
58,530113 
 schema-inspector: 
445,253529 
467,730104 
436,049858 
437,771163 
437,160603 
533,992807 
439,316536 
439,815066 
513,200357 
439,286808 
443,61898 
431,331551 
464,672132 
447,011087 
442,799719 
481,317395 
445,346817 
442,370831 
434,418395 
452,660834 
437,595569 
458,404502 
439,418988 
442,274986 
441,6071 
442,580939 
441,862973 
437,653918 
444,081399 
439,083973 
434,905907 
440,386632 
445,21778 
578,338356 
447,897148 
468,293776 
444,648582 
679,098205 
532,136194 
899,178005 
620,595236 
561,441081 
439,641466 
444,178916 
443,344516 
447,285628 
442,138544 
446,702622 
443,356961 
449,245201 
438,476594 
444,407873 
515,31447 
441,467542 
441,758423 
436,026959 
442,311365 
442,944053 
448,699947 
460,910698 
438,547195 
443,431433 
441,162486 
456,784008 
436,517647 
8510,282588 
443,138514 
436,993962 
442,547249 
450,140887 
438,11381 
434,290584 
437,634017 
471,787776 
439,74719 
436,491185 
440,636366 
479,211224 
459,173568 
435,342814 
446,151936 
443,213481 
440,580496 
441,764096 
441,435909 
499,895219 
437,388841 
     Error: out of 30000ms exceeded, For async tests and hooks, ensure "done()" is called; if returning a Promise, ensure it resolves, (/home/gntousakis/lya/core/tst/micro-packages/schema-inspector/test/test,js)
30910,297662 
446,641281 
462,789092 
443,862445 
433,59677 
454,267032 
454,275704 
446,980147 
470,156391 
445,266968 
442,011255 
446,851947 
441,857612 
442,232913 
 set-value: 
78,81734 
78,093855 
77,071801 
80,533565 
79,891278 
78,023896 
77,331489 
79,274697 
77,099363 
79,010161 
78,460903 
80,684127 
78,449728 
78,912244 
84,793107 
79,483405 
76,954422 
80,568379 
79,14215 
78,352324 
78,840633 
78,937902 
78,188169 
81,393792 
80,035022 
81,314211 
80,112033 
78,70538 
78,786714 
76,692629 
78,731759 
83,572993 
80,00186 
79,503849 
80,984836 
77,36649 
85,224363 
78,590855 
78,948359 
77,2949 
80,160131 
80,389889 
77,352944 
78,910917 
78,739128 
80,513003 
81,919285 
80,626954 
79,718899 
77,315333 
80,141298 
79,830501 
83,14183 
77,902665 
78,436508 
78,554419 
80,36143 
79,785392 
77,567598 
79,537107 
79,766074 
81,681141 
79,445831 
79,62969 
78,86549 
78,884933 
79,401454 
78,607755 
78,09506 
79,320007 
81,700056 
79,686766 
77,286779 
80,829923 
78,095467 
79,097079 
81,957579 
78,136303 
78,8051 
79,349952 
78,830737 
79,724749 
78,98849 
76,916131 
80,699983 
78,452559 
80,788365 
77,636026 
76,969778 
77,189681 
80,08229 
79,359767 
81,586897 
78,055565 
79,079095 
82,886879 
80,411004 
76,705646 
83,51956 
78,904458 
78,599797 
 staticFiles: 
 static-props: 
32,681694 
32,512761 
32,302824 
32,05658 
32,981725 
32,757322 
32,569528 
32,670896 
32,510536 
33,075906 
33,343225 
32,969602 
32,565656 
32,536263 
32,530774 
33,392196 
32,803069 
32,515818 
32,729115 
33,484295 
32,677621 
33,164951 
32,837905 
32,144113 
32,564677 
32,607318 
32,648733 
32,565454 
32,868212 
33,070877 
32,42243 
32,726172 
32,760461 
33,087871 
32,641481 
32,365284 
32,839702 
33,120204 
32,858286 
32,513341 
32,960949 
32,538805 
32,624724 
32,927891 
32,744684 
32,881368 
32,200321 
32,561612 
32,392787 
32,892969 
33,246351 
33,029564 
32,620802 
33,296457 
32,982991 
32,452155 
32,840932 
32,624471 
32,141765 
33,179842 
32,669276 
32,910899 
32,529644 
32,640201 
33,188209 
32,481982 
32,69882 
32,903827 
32,526699 
32,663044 
32,587029 
32,825442 
32,539664 
32,927261 
32,47703 
33,948709 
33,460015 
33,047057 
32,699807 
32,421198 
32,605375 
32,375521 
32,505259 
33,898196 
32,989646 
32,476518 
33,14379 
32,361952 
33,022373 
32,583091 
32,727316 
32,886413 
33,094999 
32,6867 
32,328581 
32,294914 
32,675625 
32,546726 
33,106117 
33,332521 
32,714607 
 syncthrough: 
    137,076711 
    131,763887 
    131,921435 
    131,962041 
    136,028526 
    154,810849 
    135,2325 
    138,793938 
    132,437724 
    130,638843 
    132,424542 
    132,953841 
    131,267989 
    136,970221 
    132,569454 
    130,179848 
    132,692311 
    131,213376 
    132,77486 
    143,910391 
    133,134416 
    133,439191 
    133,485346 
    130,407191 
    133,413131 
    132,739104 
    131,281271 
    130,780995 
    133,537496 
    133,691475 
    132,938925 
    131,778299 
    154,353943 
    133,771186 
    131,050916 
    131,436073 
    132,289984 
    133,974245 
    130,110215 
    133,277202 
    131,676261 
    131,599721 
    133,765908 
    130,406277 
    130,161817 
    132,957024 
    130,441863 
    132,032882 
    136,123856 
    133,155913 
    131,616929 
    133,248702 
    132,77568 
    132,404371 
    132,569205 
    133,364153 
    134,742496 
    131,011002 
    130,031821 
    133,113116 
    134,454577 
    131,904293 
    132,156292 
    132,602862 
    133,552835 
    138,202099 
    130,21398 
    132,879392 
    132,252816 
    132,047219 
    132,539778 
    131,1483 
    131,714235 
    132,101123 
    132,686393 
    131,025604 
    138,661702 
    130,071453 
    133,549346 
    131,962385 
    132,929339 
    132,434874 
    131,500663 
    132,279583 
    151,941749 
    132,669386 
    132,519415 
    131,026826 
    131,290888 
    136,129863 
    131,824515 
    136,996917 
    132,106888 
    133,992284 
    133,193079 
    132,907843 
    131,606005 
    133,012998 
    131,24516 
    135,393198 
    132,987614 
 through2: 
 through2-map: 
90,444456 
90,74814 
89,690848 
89,881392 
90,284824 
92,607967 
89,945631 
96,306267 
91,448712 
93,02941 
90,974891 
90,452672 
89,41864 
90,283191 
91,477318 
90,440109 
91,4497 
90,532413 
91,159091 
89,473033 
89,609017 
89,978921 
88,675646 
89,827017 
90,208278 
90,415046 
90,291585 
90,702737 
90,130129 
89,7149 
89,704591 
89,882921 
92,199563 
90,670455 
90,212849 
91,683755 
90,167869 
88,954111 
90,083323 
91,398608 
90,028391 
89,892525 
89,178665 
90,534915 
88,565066 
91,641541 
90,382888 
90,358803 
89,330632 
90,281332 
90,089744 
90,502537 
89,765749 
88,922579 
91,16681 
91,991435 
90,511421 
90,133495 
88,932012 
90,61668 
90,865887 
90,776614 
91,081255 
90,362127 
88,403069 
90,908789 
90,768778 
90,64678 
91,191604 
90,438854 
90,040563 
91,048571 
90,705193 
89,460488 
89,315684 
89,47393 
91,342286 
90,486051 
89,465122 
88,913458 
89,779979 
88,507577 
89,988327 
89,841666 
90,323712 
89,370077 
89,68211 
90,587071 
89,702216 
89,21842 
90,462926 
92,353662 
90,590363 
89,306204 
90,30514 
90,439611 
91,473302 
97,322417 
91,300223 
90,087511 
90,117548 
 -stamp: 
39,722599 
39,450879 
39,376376 
39,508754 
40,530749 
39,265513 
40,447689 
40,450198 
39,908022 
39,632553 
38,580851 
38,914138 
39,572935 
39,76905 
38,89024 
39,295056 
38,981919 
39,168791 
40,771825 
39,67292 
39,465959 
39,623655 
40,685774 
39,238 
39,264191 
40,579253 
39,112348 
40,76071 
39,368144 
39,039067 
39,279926 
39,238271 
39,495474 
39,496291 
39,259439 
45,374146 
39,299135 
41,432438 
40,268492 
39,793693 
39,522163 
39,687471 
40,843037 
40,510077 
38,668469 
38,853253 
39,790158 
39,14003 
39,242319 
39,054421 
39,598263 
43,211586 
39,607693 
38,833949 
39,914942 
40,932336 
39,185495 
39,833913 
39,314099 
40,580221 
39,723847 
39,257919 
40,075369 
39,330067 
38,883953 
39,196411 
38,914064 
39,326722 
39,5393 
39,452902 
38,873177 
40,932334 
39,512759 
40,143307 
40,36514 
39,3861 
44,830467 
38,641009 
39,700488 
39,254539 
39,247293 
40,063992 
39,208296 
39,1345 
39,116229 
39,513559 
40,303094 
40,065337 
38,70476 
39,492652 
40,542948 
39,227786 
40,134258 
40,693437 
40,591954 
39,776503 
39,732205 
39,429438 
41,735538 
40,409582 
43,231199 
 unordered-array-remove: 
31,034128 
31,073436 
30,844509 
31,583602 
31,124084 
30,999151 
31,530575 
31,279304 
31,421869 
31,318222 
31,403918 
30,946653 
30,737922 
31,339544 
30,856763 
30,869257 
31,362086 
30,985533 
31,388914 
31,218266 
31,258573 
31,238494 
31,81845 
30,990292 
30,884573 
30,792061 
30,830613 
31,049853 
31,096033 
30,88859 
30,809106 
31,019185 
30,75318 
31,35285 
31,206155 
31,919271 
30,972955 
30,983395 
30,97799 
31,259701 
31,269227 
31,623305 
31,471183 
31,410551 
31,038111 
30,964626 
31,48016 
31,26988 
30,948691 
31,266447 
30,987902 
31,326155 
31,216179 
30,642278 
31,072095 
31,186981 
31,465858 
31,310016 
30,887379 
30,88838 
30,741792 
31,458795 
31,274791 
31,193832 
31,628517 
31,164989 
31,087974 
30,720202 
31,10048 
31,101859 
31,124856 
31,291144 
31,751644 
30,518077 
31,09329 
31,255608 
31,017672 
30,877387 
30,84467 
31,194607 
31,049125 
30,920747 
30,969486 
31,074259 
30,787183 
31,921137 
30,757374 
30,896613 
30,857494 
30,964896 
31,200011 
31,302743 
30,69781 
30,887195 
31,922651 
31,152902 
30,928399 
31,211675 
31,475332 
30,825382 
31,458263 
 zipmap: 
39,688745 
41,077985 
39,269543 
40,530382 
41,152789 
39,815775 
39,135412 
39,597469 
39,563643 
39,403598 
40,885294 
41,352729 
39,778213 
40,142814 
40,035266 
39,668796 
39,836418 
39,59344 
39,979582 
41,120199 
46,297274 
40,698404 
40,035167 
40,105732 
39,575331 
39,804574 
39,337731 
40,777523 
39,898799 
39,525147 
40,174491 
40,112721 
40,114718 
45,506447 
40,949323 
40,069446 
47,235622 
39,634231 
40,790018 
39,743266 
40,066118 
39,503223 
46,20975 
39,658408 
45,445703 
39,525494 
39,813719 
41,454938 
40,068261 
39,72186 
40,131585 
40,246901 
39,967641 
40,304944 
40,159464 
40,351877 
39,592473 
39,938561 
39,832424 
39,467401 
39,95159 
39,731432 
39,318513 
39,066941 
39,388149 
39,35657 
40,143137 
40,014959 
39,709193 
39,663216 
41,305292 
39,741927 
39,618969 
39,283564 
39,819709 
46,240769 
39,894296 
39,938016 
46,553521 
40,634889 
39,930707 
46,690031 
46,196651 
40,191914 
40,347686 
39,906279 
40,285589 
39,94445 
40,707554 
39,79178 
41,503156 
39,819136 
39,7681 
39,989482 
39,793229 
40,171392 
39,615785 
39,285941 
39,644345 
39,234458 
39,941171 
