313 8 6 304 9 0.02875 correct
313 8 6 304 9 0.02875 correct
313 8 6 304 9 0.02875 correct
313 8 6 304 9 0.02875 correct
313 8 6 304 9 0.02875 correct
313 8 6 304 9 0.02875 correct
312 8 6 304 9 0.02885 correct
310 8 6 304 9 0.02903 correct
310 8 6 305 8 0.02581 correct
310 8 6 305 8 0.02581 correct
310 8 6 305 8 0.02581 correct
312 8 6 305 8 0.02564 correct
310 8 6 305 8 0.02581 correct
312 8 6 306 7 0.02244 correct
312 8 6 306 7 0.02244 correct
312 8 6 306 7 0.02244 correct
312 8 6 306 7 0.02244 correct
312 8 6 306 7 0.02244 correct
310 8 6 306 7 0.02258 correct
310 8 6 306 7 0.02258 correct
310 8 6 306 7 0.02258 correct
310 8 6 306 7 0.02258 correct
307 8 6 306 7 0.0228 correct
307 8 6 306 7 0.0228 correct
310 8 6 306 7 0.02258 correct
307 8 6 306 7 0.0228 correct
307 8 6 306 7 0.0228
71 6 5 230 5 0.07042
285 8 5 308 5 0.01754
285 8 5 308 5 0.01754
307 8 6 306 7 0.0228
329 8 6 306 7 0.02128
348 8 6 306 7 0.02011
414 8 6 306 7 0.01691
472 8 6 306 7 0.01483
553 8 6 306 7 0.01266
748 8 6 306 7 0.00936
6 0 0 0 0 0
2 0 0 0 0 0
298 7 0 299 0 0
7 1 5 9 5 0.71429
2 0 0 0 0 0
11 1 5 9 5 0.45455 correct
11 1 5 9 5 0.45455 correct
11 1 5 9 5 0.45455 correct
312 8 6 306 7 0.02244 correct
312 8 6 306 7 0.02244 correct
310 8 6 306 7 0.02258 correct
310 8 6 306 7 0.02258 correct
310 8 6 306 7 0.02258 correct
309 8 6 306 7 0.02265 correct
310 8 6 306 7 0.02258 correct
310 8 6 306 7 0.02258 correct
309 8 6 306 7 0.02265 correct
2 0 0 0 0 0 
309 8 6 306 7 0.02265 correct
11 1 5 9 5 0.45455 correct
310 8 6 306 7 0.02258 correct
he: 310 8 6 306 7 0.02258 correct
he: 11 1 5 9 5 0.45455 correct
he: 71 6 5 230 5 0.07042 correct
he: 285 8 5 308 5 0.01754 correct
he: 307 8 6 306 7 0.0228 correct
he: 329 8 6 306 7 0.02128 correct
he: 348 8 6 306 7 0.02011 correct
he: 414 8 6 306 7 0.01691 correct
he: 472 8 6 306 7 0.01483 correct
he: 553 8 6 306 7 0.01266 correct
he: 748 8 6 306 7 0.00936 correct
he: 6 0 0 0 0 0 
he: 2 0 0 0 0 0 
he: 298 7 0 299 0 0 correct
he: 7 1 5 9 5 0.71429 correct
he: 2 0 0 0 0 0 
he: 2 0 0 0 0 0 
he: 6 0 0 0 0 0 correct
he: 2 0 0 0 0 0 correct
he: 298 7 0 299 0 0 correct
he: 7 1 5 9 5 0.71429 correct
he: 2 0 0 0 0 0 correct
he: 307 8 6 306 7 0.0228 correct
he: 2 0 0 0 0 0 correct
307 8 6 306 7 0.0228 correct
he: 307 8 6 306 7 0.0228 correct
he: 307 2 1 7 1 0.00326 correct
he: 310 2 0 8 0 0 correct
he: 307 2 0 8 0 0 correct
he: 11 1 5 9 5 0.45455 correct
he: 71 6 5 230 5 0.07042 correct
he: 285 8 5 308 5 0.01754 correct
he: 306 8 6 306 7 0.02288 correct
he: 327 8 6 306 7 0.02141 correct
he: 339 8 6 306 7 0.02065 correct
he: 386 8 6 306 7 0.01813 correct
he: 417 8 6 306 7 0.01679 correct
he: 437 8 6 306 7 0.01602 correct
he: 444 8 6 306 7 0.01577 correct
he: 448 8 6 306 7 0.01563 correct
he: 458 8 6 306 7 0.01528 correct
he: 462 8 6 305 8 0.01732 correct
he: 471 8 6 305 8 0.01699 correct
he: 519 8 6 305 8 0.01541 correct
he: 522 8 6 305 8 0.01533 correct
he: 462 8 6 305 8 0.01732 correct
he: 310 8 6 306 7 0.02258 correct
he: 476 8 6 305 8 0.01681 correct
he: 528 8 6 305 8 0.01515 correct
he: 528 8 6 305 8 0.01515 correct
he: 528 8 6 305 8 0.01515 correct
he: 528 8 6 305 8 0.01515 correct
he: 528 8 6 305 8 0.01515 correct
he: 528 8 6 305 8 0.01515 correct
he: 11 1 5 9 5 0.45455 correct
he: 71 6 5 230 5 0.07042 correct
he: 285 8 5 308 5 0.01754 correct
he: 305 8 6 306 7 0.02295 correct
he: 323 8 6 306 7 0.02167 correct
he: 326 8 6 306 7 0.02147 correct
he: 326 8 6 306 7 0.02147 correct
he: 326 8 6 306 7 0.02147 correct
he: 326 8 6 306 7 0.02147 correct
he: 326 8 6 306 7 0.02147 correct
he: 309 8 6 306 7 0.02265 correct
he: 309 8 6 306 7 0.02265 correct
he: 309 8 6 306 7 0.02265 correct
he: 309 8 6 306 7 0.02265 correct
he: 309 8 6 213093 7 0.02265 correct
he: 309 8 6 297009 7 0.02265 correct
he: 309 8 6 297009 7 0.02265 correct
he: 309 8 6 261009 7 0.02265 correct
