7 26 0 53 0 0
7 2 0 2 0 0
7 0 0 0 0 0
7 5 0 5 0 0
7 2 0 2 0 0
7 2 0 2 0 0
7 2 0 2 0 0
7 7 0 11 0 0
7 5 0 5 0 0
7 2 1 2 2 0.28571
7 7 133 444 166 23.71429
7 5 0 5 0 0
7 10 0 20 0 0
7 2 0 2 0 0
7 6 0 8 0 0
7 1 5 9 5 0.71429
7 2 0 2 0 0
7 2 0 2 0 0
7 2 0 2 0 0
7 2 0 4 0 0
7 2 0 2 0 0
7 2 0 2 0 0
7 2 0 2 0 0
7 2 0 2 0 0
7 6 0 8 0 0
7 6 0 8 0 0
7 6 0 8 0 0
7 7 0 11 0 0
7 17 0 41 0 0
7 17 0 41 0 0
7 17 0 41 0 0
7 17 0 41 0 0
7 17 0 41 0 0
7 17 0 41 0 0
7 17 0 41 0 0
7 17 0 41 0 0
7 17 0 41 0 0
7 17 0 41 0 0
7 17 0 41 0 0
7 17 0 41 0 0
7 17 0 41 0 0
7 17 0 41 0 0
7 17 0 41 0 0
7 17 0 41 0 0
7 17 0 41 0 0
7 17 0 41 0 0
7 17 0 41 0 0
7 17 0 41 0 0
7 17 0 41 0 0
7 17 0 41 0 0
7 17 0 41 0 0
7 17 0 41 0 0
7 17 0 41 0 0
7 17 0 41 0 0
7 17 0 41 0 0
7 17 0 41 0 0
7 17 0 41 0 0
7 5 1 5 2 0.28571
7 7 0 17 0 0
7 0 8 0 14 2
7 2 0 2 0 0
7 5 0 7 0 0
7 5 0 5 0 0
7 2 0 2 0 0
7 5 0 5 0 0
7 1 14 14 14 2
7 10 0 20 0 0
7 8 0 14 0 0
7 8 0 14 0 0
7 8 0 14 0 0
7 2 0 2 0 0
7 5 0 5 0 0
7 5 0 5 0 0
7 4 0 4 0 0
7 8 0 14 0 0
7 6 0 12 0 0
7 6 0 14 0 0
7 2 0 2 0 0
7 2 0 2 0 0
7 2 0 2 0 0
