297 0 0 0 0 0
316 3 0 12 0 0
297 0 0 0 0 0
297 6 0 48 0 0
297 4 0 16 0 0
297 3 0 65 0 0
297 3 0 965 0 0
297 12 1 487 2 0.00673
297 2 0 2 0 0
297 5 0 285 0 0
297 1 0 2 0 0
320 5 0 1017 0 0
297 7 0 1870 0 0
297 0 0 0 0 0
297 3 0 135 0 0
298 7 0 299 0 0
297 0 0 0 0 0
297 0 0 0 0 0
297 6 0 21 0 0
297 0 2 0 3 0.0101
297 3 0 175 0 0
297 0 0 0 0 0
297 5 0 67 0 0
297 0 0 0 0 0
297 0 0 0 0 0
297 0 2 0 3 0.0101
297 7 0 102 0 0
297 0 0 0 0 0
322 0 0 0 0 0
322 2 0 4 0 0
322 9 0 80 0 0
322 9 0 458 0 0
322 9 0 145 0 0
322 4 0 14 0 0
322 2 0 8 0 0
322 2 0 2 0 0
322 9 0 424 0 0
322 9 0 2415 0 0
322 2 0 2 0 0
322 5 0 28 0 0
322 9 0 235 0 0
322 9 0 160 0 0
322 7 0 214 0 0
322 2 0 2 0 0
322 7 0 68 0 0
322 9 0 284 0 0
322 2 0 8 0 0
322 9 0 278 0 0
322 2 0 2 0 0
322 11 0 2752 0 0
322 9 0 148 0 0
322 9 0 367 0 0
322 4 0 7 0 0
322 2 0 2 0 0
322 2 0 4 0 0
322 0 0 0 0 0
298 2 0 16 0 0
297 3 0 10 0 0
297 0 3 0 5 0.01684
297 5 0 22 0 0
323 2 0 6 0 0
297 0 0 0 0 0
297 2 0 6 0 0
320 0 0 0 0 0
297 0 0 0 0 0
297 0 0 0 0 0
299 2 0 2 0 0
321 2 0 2 0 0
299 2 0 2 0 0
297 0 0 0 0 0
297 0 0 0 0 0
297 9 3 326 70 0.23569
297 3 0 20 0 0
322 2 2 8 2 0.00621
322 6 2 60 2 0.00621
297 0 0 0 0 0
297 4 0 162 0 0
297 0 0 0 0 0
297 7 0 41 0 0
