6 0 0 0 0 0
6 0 0 0 0 0
6 0 0 0 0 0
6 0 0 0 0 0
6 0 0 0 0 0
6 0 0 0 0 0
6 0 0 0 0 0
6 0 0 0 0 0
6 0 0 0 0 0
6 0 0 0 0 0
6 0 2 0 2 0.33333
6 0 0 0 0 0
6 0 0 0 0 0
6 0 0 0 0 0
6 0 0 0 0 0
6 0 0 0 0 0
6 0 0 0 0 0
6 0 0 0 0 0
6 0 0 0 0 0
6 0 0 0 0 0
6 0 0 0 0 0
6 0 0 0 0 0
6 0 0 0 0 0
6 0 0 0 0 0
6 0 0 0 0 0
6 0 0 0 0 0
6 0 0 0 0 0
6 0 0 0 0 0
6 0 0 0 0 0
6 0 0 0 0 0
6 0 0 0 0 0
6 0 0 0 0 0
6 0 0 0 0 0
6 0 0 0 0 0
6 0 0 0 0 0
6 0 0 0 0 0
6 0 0 0 0 0
6 0 0 0 0 0
6 0 0 0 0 0
6 0 0 0 0 0
6 0 0 0 0 0
6 0 0 0 0 0
6 0 0 0 0 0
6 0 0 0 0 0
6 0 0 0 0 0
6 0 0 0 0 0
6 0 0 0 0 0
6 0 0 0 0 0
6 0 0 0 0 0
6 0 0 0 0 0
6 0 0 0 0 0
6 0 0 0 0 0
6 0 0 0 0 0
6 0 0 0 0 0
6 0 0 0 0 0
6 0 0 0 0 0
6 0 0 0 0 0
6 0 0 0 0 0
6 0 0 0 0 0
6 0 0 0 0 0
6 0 0 0 0 0
6 0 0 0 0 0
6 0 0 0 0 0
6 0 0 0 0 0
6 0 0 0 0 0
6 0 0 0 0 0
6 0 0 0 0 0
6 0 0 0 0 0
6 0 0 0 0 0
6 0 0 0 0 0
6 0 0 0 0 0
6 0 0 0 0 0
6 0 0 0 0 0
6 0 0 0 0 0
6 0 0 0 0 0
6 0 0 0 0 0
6 0 0 0 0 0
6 0 0 0 0 0
6 0 0 0 0 0
6 0 3 0 6 1
