312 19 2 474 26 0.08333 correct
312 19 2 474 26 0.08333 correct
312 19 2 474 26 0.08333 correct
312 19 2 474 26 0.08333 correct
312 19 2 474 26 0.08333 correct
312 19 2 474 26 0.08333 correct
312 19 2 474 26 0.08333 correct
311 19 2 474 26 0.0836 correct
309 19 2 474 26 0.08414 correct
309 19 2 474 26 0.08414 correct
309 19 2 474 26 0.08414 correct
309 19 2 474 26 0.08414 correct
311 19 2 474 26 0.0836 correct
309 19 2 474 26 0.08414 correct
311 19 2 474 26 0.0836 correct
311 19 2 474 26 0.0836 correct
311 19 2 474 26 0.0836 correct
